. 111111 1111

RERUM 111 VERBORUM.

Venpen 8. 1, 1, 11.

11111111111 11111 11111 1111 1111·
11111111 111, 16,1.

11111 111 111118. 1,18, 8. 1111 11-
1111111111 111, 4, 11. -111111
diota 111111. 111111 13111 111111·
1111111 1111. 11111. 8.1, 11, 11.

““ 11111111 11131111 8.1, 11,11; 111,

, 11111 1111111111111 11111111 111111

11111 111, 11, 1 sq.
1111111111 qnid 111 1111111111111
· 11,8,14 111. 11111111111111111-
1111111110. Ι, 1, 11 -11111111-
. 1110.Ι,11, 1.
“ 1111111111 Augustum 1111111, 11
11111 1111111 8. 11,4,11.
1111111, 11 1111 1111111 111 111-
11111181 ,1, 10. 11111111 Po-

. . igno· 11111111111 8. 1, 11,14.

11111111 11111111111111. 1111 111.
m. S. Ι, 1,11.

11111 1111 11 quid 111 11,8,18.
1111111 proprie 111111 113111111-
111111111 11, 1,1.

11111111 1111111111 111, 14, 1. 1111-
1111111111111111111311118.1,11,11.

· Vexata qnid 11 1111 11111111 111

11, 1, 4 111 111.
1111111111 111111 1111111 1111111 11

² 1111111111111111 111, 15.

1111 1111111 wenna 8.1, 1, 1.
1111111111 1111111511ῗ1, 1.

11111111 8. 11,4,11. 1111111 111,
1101111111111 11111 0. 1, 11, 11.
11111111111111 1111111 1111111111

· 11111 C. 11, 10, 10.

111111 1111111111 111,8,1 111.

Victorino 1111111111 tignum 8. Ι,
11, 11. Victoriae 1111111111 11-
31111 C. 1, 1, 18.

1111111 1111111111 1111111111 1111111
1111111 Ο. ΙΙ, 10, 8.

11111111 11111111, 14, 8111.

1111111111· 1111 11111111110. 1,1,
10. Videtur = 1111111,1, 153
11, 1, 111, 1, 1; 11, 11, 111.

. Vidua 111111 1111111118. 1, 111, 11.
2 ’ 11111111 111 nubendum 1111111111-

111 quum virginum 11111 8. Ι,
11ὲῖ11121ἓ1111ὃ1111 111111 11, 8, ⁰3
11 1111111 111 1 1111111111 111111
. 1111111111 11, 1, 1.

1111111 1111 0.1,11, 10. 01111,
1111161121ουὶ 111111 11111111111111·

11118. 1,111, 11.

1111111111 11111111 1111111111 1111

1111111111 8. Ι,1,11.

’143

11111118. Ι,4, 1. 1111111111 1111
1111 11111· 111. a

1111111111, 11111 0. Ι, 11, 8.

11111111111111111111 111, 1, 11.

1111111111 11111 11111 de 11111 11-
111111 1, 11, 4.

1111111111 1 111111 1113111111 111-
11111111 8.1, 11, 11.

1111111 1 11111111 1111 agor 11111-
111 11 ,111, 11. 1111111111111
111111,11111 1111111111, 111111 111,
1,111. cm· qnod vetustissimum
1111111111111111111. ⁰:¹52
1111111111, 11 11111111 1111111-
pum· 111. 11 11. Gur 111 11111
medietate 111 1111111111 111. 11.
(111 1111111111 mugi· 1111111
11 11111111111111 111. 1. 111 111-
dix 111 1111111111. 01111111111
11111111 1111111 qum 11 111 11-
111111 1111111111 111. 11. 1111111111
1111111, unm 1111 1111111111 111,
11, 1. m· 1111111111 111 1111
nongoium 111. 1118111. 111-
11111 frigidum 111 111,1, 1111.
1111111111 111 11 1111111111 1111
111 conceptionem 1111111111 111. 8.
81111111 11 11111111111 111. 1. 811-
1111111 11111 1111111111· 111. 4.
-1111111 1111 11111111. 8. Su·
11111 1111111111 111111 111111 do·
111111 ingeritur 111. 1. 1111111·

11 Λοῇῃιο 1111 1111111111, 8, 1

111. 11111 1111111 1111111111 111,
11, 10. calor 1111 111 furorem
1111111111 11111111. 1, 11, 1. 1111
1111111111 8. 11, 8,1. 1111111111
1111 1111111111 111. 11. Ingenii
virtutisque 1111111111 111. 4. 11·
111 1111 11111111 1111 111, 4,1 11
111. 1111 111111· 1111111111111
8.1,11,1. Gur 111111 11111
1111111 1111111111 111, 11, 18.
1111 11111111 irrigavit 1111111-
1111 111, 11. 1. 1111111 11 1111111
11111 templum 1111 1111 11111111
1811111111 111, 111 11111111111111

111111 1111111111, 11, 11. -
1111 8.11, 8, 1.

11111111 == 11111111111 8. 11, 8, 11.

11111111 111 medicamenti· 111, 8, 18.

111-τ.- 1111111111 8.11, 8 111; 11, 11.
111 egit -ε 1111111,8,1. 111
11111 111111 1111111111 p. 111. 11-
rorum 11111111811111111 plm-
111111 Pelasgi 8. 1,1, 81. 11-
rorum 111 111· 1113111111 111, 10,
11. 11111 111311 111111 qum
1111111111 11111111 111, 1, 1 1111.
1111ἱ181 11911111 111111 11Ιὶ1111111 8.
1 1 ·

 

