RERUM ΕΤ VERBORUM. 697

curuantur cynuuureu S. 1, 1, 111111111111111(11.Ῑ1111) 0. 1, 9,

95. 8. - 1131111111111111111181,
111111 1111111111 0. 1,91, 111. 8,1.

1161111 oppidum 11111111 111, 9, 1111 1 11111 111111 dicitur (i. 11,

tr. 16, 96. 11111111 11111 1111111
1111111111 11111111111 11 1111111111 eutitium, 1111111 trigidae 111,

tito uppruui S. Ι, 11, 81 uqq 8, 15.

11111111 1111111 11111111 c. ΙΙ, Ι, 19. 11111111 11111111 11111 (1.1, 91, 19.
Fiducia G. 1,6,1. 111111111111 11111111 geometriane 11 61111111

111, 11, 19. 1111111111 111111111111111111111110.
111111111111111111 1111111. Ι, 6, 19. 1111111 verboru· tt.
tigurium c. Ι, 9, 4111Ι; 11, 10, 91.

tt. 1111111111 humo iu 11111 0. 1, 6,
Figuratum 11111111 1111111111 1 6911.

11111111111111111118.1,9,18. 11· Fortitudo 1111111111 primii G.l‚

iiiiuss‘c'* ⁵¹i⁶⁸ii¹w¹i÷⁸iiii iiiiii''ii“iiu‘i'iituim‘ii'i'

1111111111 l). 9. rigum 111 1111111111111111111111111111111,

111 1111111111 111111111111111 1,6. 9, u. -· 111111111111 111, 11, 6.
figuratur 1111111 111, 8, 9. -11111111111111 111, 9,6. - 1111
mit: 1111111111111111111111111 V, 111, 6, 11.

9, 9. 11111111 (111111, 1113111111 8. t,
11Ιὶ1, arbor 1111111 111, 911, 8. 11, 14.
timentum = 1111111 1111111. 1111111 111 111 111 Eorum 11-

111111. Ι, 8 11η. giunta 1, 16, 6. - omnipotens
111111111111111111,8, 14. 1 Virgilio 111111 11 111111111111
111111Ιὶ1 11111111111111111111111, 111111111 ibid. Fortunarum 11-

1, 11. 11111111111161111111 S. 1, 98,
1111111111 nonu· 111111 1, 11, 6. tu. 1111111 mutu misericordium
Fiugruru 11111 11111111111111 8. Ι, ’ 111111 1111ἱ1111111111 11111111,8,

98,19. tium 111111111 111· 81 1, 99. 1. 11, 1611111169.

111111 equor 1,11, 91. 1111111111ιί 11111111 111111111111
111111111111111118.1, 19, 16. 8. 11, 4, 9. - Butriu- 111, 6,
1111111111, 11111111 11111111 111- 16.

diuet, 1111111 1111 8. Ι, 16, 8. 1111111111 111, 18, 6.

- 1111111111 11161111 1111 1111- 11111111111111111110. 1,14,1.

tem 111111111 ib· ³0. 1111111· 1111111 11, 1, 6.
iiim-³⁸ ⁸34„ 1111111 ,1111111111 111111111 oppidum 61111111 111, 9,
tinini, 111 liquidior 11 1111111111, 11111111 1111 iidem 1,11, 1.

6, 16. 11111111111111 uquarum 11, 6, 16.
1111111111. 1111111. 1111111111111 111111 vorborum 11.
(iu. 1111111 1111111 111111 11 uru- 91, 6.

11111 notitiam 1111161181, 16, 9. 1111114111 11. 6, 11.

H. 1111111 111111 11 1111111111 11111111 1111111 1111111111 1111111 11

1111111111110111111 s.1‚ 11,9. 111 11111 usurpetur (111, 15, 6.
11111111 1111111118. Ι,4,11. 111- frigorifieus 111, 19, 99.

11111111111111111111111 uit 111111 Frigus 11 ueri· 111111 1111111 111,

ibi . 8 141 .

1111111 oratio 1111 1118111111 1, 11111νί1111, 111111111111111111111.
1111 11111 11111111 111, tt, 91. 1111111111 11111111 11, 6, 6.

fluor 111, 11, 4 11 10. 1111111111 perspeximus ο.1,1,1.
111111,111111,111,11,1. 1111111 tuidi 1111 1111 inpurum
1111111111 11111 111, 1, 2 -1111 1111111111 111ςίθί 111, 6, 18.

111, tt, 19. 1111111111 11 tragum repertur
11111111111111111 (1.1, 111, ¹⁰3 19, 8111111118. i, 1, 91 11 95.

¹2· Frumentum optimum 1111 agur

· 11111110. 1, 91, 1111 111991. (11111111 111, 16, 19. 1111111111

111111 ‘ictum 11 ruptum 11111 1111 6111111111 colligendo 111,
1111131111118ἃ1111111111111 c. 111611111111111111.
10. Β 111· 11111111 rureuptiuuuu 8. 1, 16, 8.

 

