RERUM ET VERBORUM. 107

1 111101111111110118.ΙΙ,1,11. 1,Ι1, 10. 11101111111111111,”
1 1111111151ιί1 111, 11, 11. 11111111 Ι, 1.

111 111111111111 111111 Ι“ΙΙ, 11, (111111111111118.1,0,11.

11. 1111111 1111111111, 1,1. 111111.
Τ. Larasa. 1111111111 1111111 81111111 begare 1111111111 Ι. Ι, 14, 0.

81111111011111011111101111118. Lege· 111111 1 1111Ιί1 11111111 111·
Ι, 1, 1. 11111111111,11,10. -11111111

11111111111118. Ι, 10, 11111. 1111 ΙΙΙ, 11, 011 101111. (01-

11111111111111, 11111 (11111, 11. ΙΙ oq . 11111111 1111111111 111. 13.) ·· 1111111

1111111111 compitalia 11111111111 8. 1, ΙΙΙ, 0, 0.

1, 11. (1111111111111111110111 11111111 Plato 111111111111 1111111
111 1(1118.1,10,10. 1101111111 0. ΙΙ, Ι,13. ’
compo 1111111 1111111111 11111 1111111111 011111111 1111· 11 11
1118011101. 01111111 1111111111 1111111111 11111111 .11, 1, 0.
111111 8.Ι,1,1.’1. homulus 0111111 1111111111 ΙΙΙ, 111,

laridum S. 1,11,10. 1111111111· ΙΙ. 81111111111111. 11.

111111 111 111, 11,1. boone· 1 1111111111 (1111111111 1111111
Lam Arretinum 8. ΙΙ, 1, 11. 11111011111111111111111111, 111-
mmm 0. Ι, 11, 1. · 1111111 1111111111. Ι, 10, 11.
01111111111111 pirum 111, 11. 0. 0111 1111111111 1111111 111111011111
1111111, laninam 11011111 8. Ι, 8. Ι, 11, 1. 11111111 capnt 1110

11110. significet 11 1111111111 1111111111
11111111111118.1,1,1. 11111811111111 8, 1,10, 11. 0111
01111 1111111111 1111111111 111111. 1111 111111 1111 nimum-hro 11111
11111111 1111111111111111111111111 11111μο1111 S. Ι, 11111. Sicut·

quam 0111118. 111, 10. 11111- 1 1111111111 1111111 apud 111111-
11111111 1111111111 1111111111 0. 3, 11111 11111111 1111ῗίΙί111 V. 10,1
1. (11111111111118.1,10,1. 111. Leo 111 1111111 1111111-

launi 1111111 111 1111111 1111111111 111111 S. 1,11, 10. Iano tignum

11111111110111111111111 11111 Aquario 1111111111 0. 1, 11, 1.
0111110. (01. 0. 1, 111, 11.) 111 11 11111

01111111101, 311,1111;1,11 1111111111 nascendi 11110. 11111
10, 101 10, 0 11111), ¹3 21, 0 111111111111110. l, 10, 0.

0193 11, 13. [1111111111 V, ΙΙ, 18.
1.1111111111’,1,1;1,1,Ιο. niu· 11110111111111111111 smum.

111111’,11,1. hepid·- 0111111111 novin-none 11-
111111 S. Ι,11,11. - pm 11111 11111 8. ΙΙ, 1, 10. Μ. 1111111111

11. 54. 011111111111111 Quo· 11111111111,10,11. 1111111111
modo 11 1111101111111111111.10. 1111111111, 11, 13.

1111111111Ιί vid. 1111111. Lepidum convivium vu, 1,11.

Lanam = 1111111111 111, 10, 111111111111 11111111.

(11111111 1111111 111111 mutabatur 11111111 11. 11. {soporum ugho
11 regin 111. 1111. 11111. 8. Ι, 11. 11.

11, 0. 1111111111οὴ 1111111, 10, Ι.
11111111 aget 8.1, 11, 11. 1111· 1111111( 8. Ι, 11,11.

111111 111111111111 1111111111· hotham 011111, 111111 1111111111

nonen 8. 1, 111, 10. 0. Ι, 11, 11. 100111. p. 311
[1111111111 111 1111111111 qudo 111· Leontium 111011 1111111.

11111111111 ΙΙΙ, 11, 1. 011111 per 11 sunum (11110. ΙΙ,
1111111111 pirum ΙΙΙ, 11, 0. 11, 11.

[auro 111110111111 111111111111 1111811111. mu.

11111 11. 11111. 1·
Um ”0¹ 1 1 1 1
1111111111111111,11,1111. Fannia 11. 311111 10, 14. -

1111111111 0111111111 oppidum ΙΙΙ, 11111111 1111111 ΙΙΙ, 11, 11. 11111-
10, 4. 111 111, 11, 1111. 0111111 11.

11111111 111101111111 11111111 111- 111. - 1111111111 Tib (11111111
1111111 1111111111 11111111111111 111, 1111111111. 1111111 8.Ι,11,1.
1, 11. 1111111111 1111111 (11111111 (1111111111

11111111 1111111 011, 0, 1. -· 111111 oo 1111111111111) 8. 1, 11, 0.

· 111 1111110111 vn, ΙΙ, 0. Libere ι-111111110111110.1,0,10.

1111111 cur 1 0111111 1111111111 libentiae 1111111111 1111111111111
11111111 11111111 (1111111190. S. 11,8,11.

 

