11. lNoEx

1111 8. 11, 8, 1. 11. Antonio 11.
111. 1611116 8. 1, 18, 84.
Antrum 11116611161 c. 1, 18, 8.
,41111 1116111 616 6116111 11,
1611161 cor io 11611116 61 digito
611 minimo 6161111111 611 611-
111 111, 18, 1 166. 1111166-
111111 6666 61616 116111 161611-
oo· 11. 18. 11661116161116116-
161161 111111 66111 11. 11. 116
1161611111 1166111111 11. 1816.
11616 11166 1661161 1 1686111
Roooioo 111, 14, 18. -11116-
1116 11161111 8. 11, 8,10;1,11.
,111166611161116661 111, 1, 11. Ao-
11111 convivium 111, 6, 88. Ao-
xio 1116111116 111, 16, 8.
uznoimam 1111661 11661111161-
16111 modom 1), 10,1. - 661-

61111 1161111 1611611 1166161111.

lineamina} vio 111, 4, 18.
1661611 16111 1116161111,1161111
111111161111111 ‘1¹33‘ss
166116 vigit. (11611. ³ ’ Ἡ
Apo· 1611616111611161111116 8. 1,
61161, 6. -· 111161Ιί6 6111
ilo-oro 1611116116 1, 11, 4. 61
11, 6, 18. Apio 111661161166
6161166 c. 1, 6, 66.

16111111, 1. 6. 1611111, 1166111116-
’.11661161111116811611 111 161618.

16161... 111, 6, 6.

161611 111 111, 80, 1.

Apim 1661116111 0. 1, 6, 10.

161616 111 111,80,1.

16ὶί6 gg: Memphi 611 1616 8. 1,

11111611.1.1.616 1

1 1 1 1 i 1 “

- 161116111111 161111 C. Ι, 11, 8.

’1161116616 (16116) 11. 88,1.

Apono 1661116 8. Ι, 1, 6. ’.1166111-
16681, 11,86. 11616111666611.
41. Ἀλεξίκακος 11. 16. ’166666-

nolio· 111. 18. Δέλφιος 111. 66.
Διᾶνμαῖος 11. 64. Ἑκηβόλος 61

1111611611Ῑ6ΠἭ6111111. 33:
1361118111 11. 48. 1161116161 Φοι-
votis 11. 84. Φιλήσιος 11. 49.
Φοῖβος 11. 88. 1611611666 11.
11. 1111111 6116111161 8. 11619.
[11116666 111 11 611 11116111
6616111 11611166161ἀ111,ὴ6, ,8.
111101111111111111161101111111111Ἢ
nonunt 161661 8. Ι, 11, 1.
11116166116116111611 161 11.· 1
111·-ῑ.1111111..1“1.1 iil
16. Eion 166161 6111161111 66-
161111 11.10. Eoo 111111 11111
6616 divinationi 61 contioni
6116611 11. 6. Gor 61 16616611
66161161 1111611111 11. 14. Eo 16-

116116161 666616661161 11111 1. ’
88, 14. 166111,661 61161, 16111 ¹

Aegyption 116111 1661111 8. 1,
81, 18. Eion 16611116 611 rn-
1111161118. 1, 11, 186160. Eoi

111 61 1166661 orbium 661611-
1111 0. 11 , 8, 8. -1111611 61·

11618.1,11,48.- Troiam 16111- i
616111,88,1. 866116 61116616- ᾗ
1611161116161611 Pontico 111, ff
4. 6. Eoi 11616 16 11661 (com .

111666) 8. 1, 11,6616. - 11161
611618. 1,16, 1166. - 116166-
11118. 1, 11, 1. -161611116111,
oi 11111 ox 1116 61111 61611111
8. 1, 80, 4. 1111666111 6116111-
61111 6661161111 111111 61111616

1166116116 8. l, 11,68166. 116- ¹

61166 6116116 61 116111611 661-
1661611 611 8. 1,1, 80. Laii
16611111161 oudo S. 1, 11, 81 166.

Quomodo 11 111 1161116111· 111 ³

11. 89. Tauron oi 1161611111
111, 6, ⁴3 10, 41 1, 18, 11.
Eion imago 11116118.1,11,66.
·· oinoioohrnm 1161611161111

1666161616 11. 18 61 18. (111 =

11611 161111 11161111, 11111111
orcum 6116 16611111 661111 11. 18.

cnm 61111 66 virgo 166111118.
..1611111 ’16166116 16. 11. 1

,9,1. 1111111616 6111111111
6661611 6111 66618661 81, io,

Ἥ... 11. oo. ’616111 11. ammomum 1. 1, 11, 11.
46. 11116611. 46. 8166665161 16661116611111 116116116111131111

11. 49. 86611618. 1, 11, 6. Ioles·

proverbiorum 1161 1, 16,6 16.

8. 1, 11, 16. 11661166 11. 18. 1111661611, 6, 11.
1111λαῖ66 1111. 1616111111 11. 116611161614.11611616111111,6,

84. 1616166 11. 16. Λοξίας 11. 80
81. 11661111118616. 11611661 'Aoo

166. 5- 161611111ιί6 11, 6, 16.
6166616 11, 6, 14.

11. 16 166. Μονσηγ e (11111- , ,1666116116 monton 8.1,4,8.
rom 6116161) S. 1, 111,1; 0. 11, 1666161111111. 81661.

1, o. 116666. s. 1, n, 11. Νό- 1

01661111 61161111 66111611

iuoo 11111. 0111661181. Παιὰν Potitio· 111, o, 18. 166110111-

 

