RERUM ET 1811Βο11111. 103

iiex 111111 11111 111, 90, 9. indoleo 11111111 11, 1, 1.

111111 11111 1, 9, 1. 1111111111· 11111111 111111 111, ’1, 9.
ium 111. 1. 1111111111 111. 1111110. 1, 9,1.

ion pen eene 8.1, 4, 19. 111. i, 14, 1.

len-go 1111111111, 1111111 11, 1, 1 11 Indulgere = poeninen p. 1111. Aee.
911. 1115111111111111111111 11, 1, 9.
niteo 11111111111,14,1. 1111- 111111111111111111110.1,11,19.
ginee 11 1111111111 0. 1, 9, 90. inermen 11 11111111 111111 veterno
tnege noeie 11, 1, 1. «S. 1, 4, 11.

1101111111 quon 1111 cedent 0. 1111111111111111111111111111, 11111.

11,1,19. - probant omnin 11111 inexpugnoiiiee 11111111 0.1, 1,1.
1111111111 teneone 0.1,99,1. 111111 qnando incipiet 1111111111,
11111111 11111 111. 9. 1111111 in- 11111111 incedere 11 11111, 1111
11111,1,19ς1,1. 11111111 1111111111 11 ioqui 11-
inirieitoe deon S. Ι, 11, 49. tegre 0. Ι, 1, 111111. Non peine
imbricone solstitium V, 90, 14. 111111 1111111111 attigit 1111111.
11111111 1111111111 1111111111111 S. 1, 19, 29.
venene 811, 1, 9. 11111111 111111111111111 movet 11,
111111111,11,19. 1, 9. 1111111111111111111111111
in 11111 coen 111. 1. 111. 11. 11.. 1111111111, 10, 0. insontia pei-
dd. S. ii, 8, 9. 1111111111 111, 11,4. infantie
inperetieee 1111118. 1,11,.’111. nini 111,1, 11.
imperetieoe 1111111 11. 11. inieiicee 11111111 111, 90, 11.
111111111111111111111118.Ι,91,9. 111111 1111111111 1111111111 0. 1,
in 1111 11111. neo 1111111118. 1,1, 11, teqq. - 111111111 11111111.
99; 19, 91. ieqq. -11111111111110.1,Ι9,1
1111111 11111 11 8. 1, 19, 19. eqq. inieeoeqnideeee 1111111 pn-
ineenoiiiie 11, 1, 11. 1111111110. 1, 10, 9111. — 11·
innnineete‘e 11, 1, 10. 11111111 111111 111. 10. Eoum
ineedere (enoiiiue) 8. 11,1,91111ς 1111111110. 11. - poenae quomodo
11111, 11. 1111 intelligendu 111. 19. inie-
11111111111111111 1111111111).91,4. nornen 11111111 111111 111, 1, 1.
inelementieeieeeec. 1, 10, 11. Per 1111111111 11 diminutio 111
1111111111 1111111 nontin S. 1,1, 19 convenit S. 1, 19, 1. 1111111111
ineiioetoen 11111111 11, 9,11. 111111111ῑί1 1, 9, 11.
inconprehensibilis 0. 1, 11, 1ος 91, infime eet 11111 So. 4,91 0. Ι, 99, 4.
11. 11111111111111111111111111111 .
1111111111111, denunties. 11, 0, 11. 11.. 111. enne 111111 1111111111,
111111111111111111 0. 1, 11, 9. 11, tte 11, 191 11, 4, 11 1, 91
incorporniitee p. 111. - 11111110. 8, 141 coen 111111 11111111111111
1, 14, 90. Eine prime 1111111110 enne 11111 verbio 8. 11, 1, ie 11
1111111110.1,1,41119. 111 111, 4, 4; 1, 9, 11; 111, 9,
1111φ111111.11111. 111129. Ρ11 nomine 11111111·
11111111101, 10, 11. tino poeitae 111, 4, 111 1, 191
1111111111 quie eit 11, 1, 1³. 111111 genitive 1111111111 1111. 11 0.
11111110. 1, 19, 83 S. 111, 11, lit· i, 11, 10. 111. 0111111111.

11111 11111111 pontificio enex. 111, infinitae 11111111 1). 1114119.

13, 10. 111111111111111111 0. Ι, 11, 111
11111 11111111 nutrit 111, 1, 91. 11, 4.

Ex 1111111111111, 1, 19. influxio 0. 1, 19, 101 11111111.

11111111111111 coniunctim p. ent. infre nene 1111111111 fugiendum 111
111..1111ο.1,1,1;1.1,11, 8.1,11,9

911 14,1; 11, 901 11,1,1. infrunito conte 1, 1, 11.
11111111111111111 0. 11, 9,1. 1111111111 coepte 1111111111 1111111
indicium pubiicum 0. Ι, 1, 91 1,1. 111, 11, tto.
indifferenter 8. 1, 4, 91; 19, 911. insoeoe 1111 111, 1, 4111, 14.
111111111111110. 1, 9, 1. 111. ingenim 111111111111 0. 1, 9, 9.
indigitare 8. 1,11, 11. Net. — 1111 11 1111111 111,19, 1011
indignatio 11, 9, 1; M eq.3 11, ⁶3 19.

11, 1, 11 > ingnote· 111, 11, 11.

1111111111 1111111 1111111110. 1,19, ingurgitatae temeto 0. 1, 1, 4.

1. 1111111111111111111110.Ι, initiare 11111111111111, 11, 11.

11, 1; 19, 19. 1111111111 doctrine 0. i, 18, 9.

 

