710 11. 11111111

1118. 1,11,4. -1111111110, 1111111. 01111111 11111. c. 1.
1,10,1. -311111118, 1,3,11; 1111111111 1. 11. 1111111111 1111
11, 61 11, 14. -3111111111 0. 1111.
1, 1811. 1111111111 11111 11111111- 1111111, cognomen Pompeii 1111111- 3
11111 11111111· 1111 81. 8, 1. - 111111 8. ΙΙ, 1, 9.
111 teutonorum primu· 11111 11· 11111111 111111 (vulva) 111, 18, 6.
1111111111 1111111111 (1. 1, 11, 111111. 11111111 1118. 1, 11, 6. .
1111111311111111111111111111111 11111111 811111 G. 11, 1, 111.
11111111111111 1111111111. 1. 11, 1111111 11111 8. 11, 1, 6.
1311011111171111 1ἱ1η1111111101111111111 11ῗέ1,3 = 6111ξῖ1 ἕ.11.11.01ἱ111ἰ.η1“11,

1 , Ι r ι me· ς 3 ⁶ 5 ⁹ ξ mu

118111111111111111111111, 16, 18. 111, 1816. Ρ
1111111110.1,1,19. 111311111111111111 11111111 1111111111
1111111111 81, 16, 6. 1111111111 11111111 1111118.1, 11, 1.
lm 111 pro 1111111 11111111, 111111 Magno 111111 S. 1, 11, 18.

gd, 11, 4ο. 0111113111111 11111 81311πί1111 c. 1, 8, 1.

11111111111.1”1 1111111111

11111111 111111’111111 ponto-‘uptun 111ξηί11111 1111111111 ’0. 1, lost-qq.

111 111111111111 ΙΙΙ, 16, 11 sqq. 11 8 111. ⁸- 11111111, 11), 10.
11111111 == 1111111111 111, 6, 1. 1111111 1,1, 18.
1111111111111111111111111111 111111- 11111, 1111111111 11111111 S. 1, 11, 19.

1111111118.1,18,8. -1111111111111, 1111111 111111
[1111111111111 8. 1, 16, 86. 11 sacrificatur 1 1111111111 111111-
mmmm 11111 11 111,1, 18. 11111 11. 18. 11 1 mercatoribus 11.
1111111111 1111111, 11,15. 19. 1411111 1111. 1111. 1111111111 1
lm 11111111 1111111111 111 Mun 8. 111 1111 1111111111 1111111 11111 11.

1,11,81. 1111111 1111111111 111· 11.

1111111111 G. 1, 6, 118. 1111111111- 111111111111111111111118.1,11, 18.

11111111111111111.1,14,19. Lux 1111111111 111111 1111111111 1111111111 ’

1111111111 (1, Ι, 1, 6. 1111 1111- (1.1, 6, 6.

1111111111, 18. 11111111 11111111111, parte· Ρ. R.
1111111111 1111111110.111111111111111- 1 1111111111 constitum 8. 1, 11,

111111111111111111 ’.111.11111111. 1111

8, 31. 0111111111 111 1111111111 vn· 111111 11111111 11111111 111111 1111-

1111111 111 reprehendenda· 11. 11118.1,11,161111.

2³ 1111. 1111111 luppiter 1 1111111111 111111
111κᾶ111· 11111111 S. 1, 11, 19. 111 11111111111111 111. 11.
[cymen 1111111111 1,1, 1611. 11111111 111111 1111111 11, 4,11.
11111111, primu 11118.1,11,81 1141. Μάλαγμα moecharum S. 11, 4,11.
Amy ’ς 1111111111. 18. Μ e: 111111111118.1,111111.,1.
141111111118. 11111111111111118. 11,4, 18. ·—
[tycius 11111118. 1, 11, 16. opinari 11,8,1.
Λυκόφως 11. 81. malesuada ,11111111,11,8.
111111111111 Τ1111111111 1111111 11. Malle = 11111 G. 1, 11, 11 11.

46. 11111111, 1111111111 1111Ιί11111 S. 1, 16,
Λύκος, 111 11111. Aiunt 1 111111] 11. 111. 1111.’ 11. 11111111 pictor

111111 11. 41. 8.11,1, 10. Ρ.111111111,011111·
Lycurgi 111111 (111, 11 , 8. mu· 1111111111 S. 11, 8, 11.

institutum ι111111111111111111 monn Malorum pout 6111111 1111111 gnta

11111111 111,8,11. 111,1,8. -· ingrat· ib. 111.
Lym 1111111111 neptem 1111111111 11111111 11 111111 quomodo 11111111

quid significet S. 1, 111, 11. ἐΙΙ, Νὴά.Ι 1111111111ν 11111111 11.
Machaeram 1111111 1111111 11, 4, Mantua} 11111111 1181111111, 161113Ι

11. mandibulis 11111111 emergunt 11111-
111111111 1111111111, 1111111111, 11111, 111 11. 1, 6, 69.

religione· prol. cup. 1. De 11111 111111131111111,6,1616,1.

111111111111. Platonicorum 11- 1111111111111111111118.1,8,11

11111111111111111111111111111 . tq. - pro 111111 lb. 18. Mane

11. 1111111111 1111111311111111 1111111118.1,11,84.

1111. 1111111111 1111111111 111 111111 fl. 1,8, 11. Poe 1111111111

 

