RERUM ΕΤ VERBORUM. 619

111 81111 1111161116111111 111, 11, 1111611111161161161166611111 16-
11. 1611661111,66,616. Quomodo
1611111, 16661ὼὲ1661166111616161661616161 (111,.16, 6. 61 16,16.
11111ἒὲ111. 1.. ὐἷ’-ἶ 1161, “1.““1ἱῖ.ἴ.”.”.1““.ἷ“ 1111111.ὶέἒέ
11661 111. 6 61 16 111.; 61, 6. terrenorum 6611616111 6116 0. 1,
1116111 1111111111, 11116 11163- 11, 16. 01116161166161116116-
66111 1166166111111. 166111 111, 16, 60. 11111111 111·
Apud [6166611116 11611111ὦ61ἒ161· 1611116116 descriptio 1, 11, 6.
11311111 11116 ’ 111111’111111“’,“.1’1.1.ι...
Murro 1111161 ᾗ1111, 141, 6·νῆ- tractanda c. 1, 6, 11. ,1111111116
3? ἱ.“.ζῗ”ῗ11,111”.“.“111....’ 111111113111111111
(2. 1, 6, 661 111, 6, 61. Aque 61 Ρ11116 G. 1, 6, 66.
zeti· 1161 humectum coniunctio trohetypu· vtrgttit 1161116161 1,
111111’111111“1Ἰ111.ί1..1111111011ι 16111 1111161111 1666111 161111 Assyrio·
1161161 6116 1111610. 1, 14, S). 6611616. 1, 61, 1.
111616 661661 6111161 0. 1, 66, menumquam 6161111111,16,1.
6. Quid 111611 11 1111611611 1, 116166611611116166111116111616
11,19. 1161111611611161111· 1, 11, 16.
111 11111661 611311 116111 111 1166116111161161111111,6, 1.
6611616111111,16,161611. - 11161 6616161116111 G. 1, 16, 11.
1611111 116611 6611116116 5611 1116161 1116 1166161166 G. 1,
1111131111311111’110’111,1111,”11ῗ 1111 {aanor 1111... mamm 111,
11111111 6111 111 6616161611 111,16, t, 661 6.
61.. A 111111 6111ἓ111111168161ἱ- treopugttnthmum 11116116 111,
16ῗί Ι1111.,11111111116111111111 ‘vl-⁹ 1111611161111111116 G. 1, 1, 6.
1611616116 6111611 111,11,1111. Argiphonto· 6111 116161 1111161111-
1161 1161116111 611 616161111 61 1161 s.1, 16, 16. -
6111111 11111611 0. 1, 11, 6. Argumentum 1 1616616 11, 6, 6.
16111161 8116ἶ1616 ug· 61111111 -· 1 1116111 111. 6. Argumentum
migeti! ’(19.1’11111Ᾰ11ῂ11111 1116111ιη111111ἃ elisia} 1116111111·ςὲ
11161161 0. 1, 16, t. cnm 6116 16161110. 1, 6, 6.
16161 161, 6111111111 6111611111 Argus, 66116111 11611111161666111
11111. 111161611 S. 1, 16, 16 16.
1611111 61166166111111 imaginat! Ἀρένριότοξος 661 116161 1111116116
{⁰2:132ssss 31:⁰23? ²:⁸33 1116161 111111ἑ11111111η1963161 1161616
1111111 1111 111, 11, 6.’”” 611111111111, 11, 1.
6116111111111116.1,16,11. 11111611 philosophi 16616661 111,
111 6111111111,6, 161 11,1; 16, 1113.
. 1661 6111 66161111611 11111 1661 Graeco· 61116 1116161

astat 16611116161661 111,6, 16. S. 1, 61, 16. 06161616 61616111
1116 61116161 6116 111116 cunt quid portendat 111, t, 6. Per
111, 6, 6. 1116 116616 6111611116 16111161 1111161161 11111116 11166611
1661161161611161 111,11,6. mutueris. 1, 61, 16. 11161 11161
11161661 16616666111 qui 1661 G. 1, 6, 601 1111116. 14118,

11661161111, 6, t. ⁸3 61, tuq& 6111 111 primu·
111611 pet-uto cingulo 116161 c. 16161 tigna . 1, 61, 66. Cur

11,1,16. 116111 adsignetur 111. Ἐς S. 1,
,4111 rugis [16111611 61161116 1161161 16, 16. 06116161 111 161111111-

11, 6, 6. 111111 1616111161 S. 1, 61,16.
Arbiter 611111111111 C. 1, 6, 16. 1111111111 1611611111 111, 6, 11.
1111116111 1111161116 111,1,’1. ’16161161 xie ἐκ 66161161 1611116161
1161111116 1166 1611111 166111 pot- 1). 16, 6.

1111161111 1166166111κᾶ 11. 16, 6. Amare terma 1111161611, 6, 11.
Artaciis 11111111 (1.1, 6, t. 111661616 1161111116 apud 1111ςί-

 

