00

0000101008.1,0,10. ’1011100 01
010101 ioman 0000010100 01-
10011 0100001110οι111 8. 11, 1, 10.
0000110111 111 00 00 00100011 0010
1000001001 001 1100011 0100111000
000110 1110010 0010001 0011000011,
0000 0010100 1001110 0010111 0110,

gero 01000011 10. 11. 00000-
10010 1000011 00 1111101111 1100011001
10111110 101 1011. 111 ioci· Je-
0001100000, 0110 00111000, 10118.
11,0,1. 11100 1001111111. 01 8. 11,
1, 0. 01 111, 0, 0 000. 1..
Finem 1001 0001000011 10 00-
irruiturus· 0010110110υο 0000111. 10
10000 111 00011000 11011 00101 8. 11,
1,(1. 11101 startiam 1000110110
[nii Ρο000101 8. 11, 0,1. 10
(10000001 0000 aare· 01010011
101. (1 1010 1111111100 nundi·
00011100 0010011111,10,10. 0011·
0100 01010 1010100110 11011010 01010
00110001 8. 11,0, 10. 11001100
001111 0010 00100011011 10001100
1011. 01 vu. 0, 0. Ad 0101 001-
tin 10011 1100001ιο S. 11, 0, 0.
11011000 01 0010011 1101101110 8. ΙΙ,
0, 0. 1100010 01 Aeropo 1101010111·
001 familiariter 0000 001 111, 14,
11. eamr 0001001010 0001 0001
1010101000 00111000 0011. 10. 11.
111 00011000 0000100 1101100001
obiurga 0001 1100010 gerim
000. 0100
0100,110Ιο110110,110010100,1’100, 10
ind. ΙΙ. 0000001111 0001.

111001 0000 11 00 01111100
000000. 0. 00
11, 0. 110 00011. 0, 0. 8001101001
0010101010 011. 001. 1, 0. 0 000.
11111 01000100 0100 0001001100100-
100 10 (10101000101110, 1000101111
0001000. 0. 0111 000. 110 10-
01000 10011011. 11, 0. 110 00111.
ir, 0. 111 01110110 rio 100100011,
0, 0, (1100100101000101010
00000111, 10,1. 0000001010011
11000100110111,10, 1. (Cf. 000111.
11 , 0. 411. 111.) 111 (1010110 1Ἰ,
1,01. ((11. 11110111. 111. 1.) 1101101-
1100 11,11.11. 10 00111. 1, 13.
v, ³⁰, 01. 8.11, 1,0. 10110010
(1, se) 11, 1, ες (11, 110.) 11,
111. 10 00011000 00001 pro
Milone 00000011 (10,11.) 8.
1, 0, 0. - pro Quintio (10,
01.)11.111,31. 10 verb. 0, 10.
- 000 301110 (1,1.) 11. 111, 00.

10 1000. 013. - 10 Verrem Aer. (1001000100 11010110

11. ι, 11, 11. 11,1,11. ι, 10, 11.
11. 10, 01. 10 10011. 0, 10. Verri

1 anEx

10011100 sarii (rr, 10, 10.) 11, 1,
10. - W. 111 1’01·0001(00, 111.)
111, 1, ΙΙ. - 111 Verrem (Mb,
111.)111,0,1. 111 11010 001110-
100001 011 0000011001 Nep·-
1010 0001111110 Ι. ΙΙ, 1, 11. ((11.
1100110. ΙΙ. 0. 0110.) - 011 1111-
011111 1, 10, 0. 111,10,ος 011111.
001, 0, 1.* 1Ἰ, 1, 9.

(11110100 10 rr libro 000111 010 100110
0111100118. 1, 11, 11. Cinga·
1001010 10011110 111111. ς 10. ''r-
0101, 000 001 vera 1101110 00011·
1110 001101010,1111111 1000110101 111,
10, 10. 01 proponitur· 0100100110

00101010 11001110 8. Ι, 10, 10.
10 (1100100 11100000οη100 001 0
11. (110010 1110001110. (11. 110010.
10 1100110 (11110110 . 01. 0101101.
10 0101000 01 0011. 11001. 0.
mr· . 01 0. 010000. 11101100
011. 01 011001. 0011 11111. 0. 00000.
1100100114 10. 0110. 110000.

01000100 Qasr-mmor ,4110011
100110011, 18. Q. (1101111101
Α1111011110101011110 S. 1, 1011.
Quadri 00100111 100110 111010-
1100 81, 0, 0. 01101 1011010000
00) 0100010101υο (1101000 01 10000 111.

. . 1111100 ,0. . .
1100110. 11, 0. 10. 11011111. 0. im.

(1100001100 Stoicus S. 1, 11. §s 8,
0000οΜΛΜ
(10.111, 10. 01011. 00010. Tun.
11. v.

(11000100 100110 1011100 0 Graeci·
tractorum 111, 10, 1. - (10-
11110100οω 11000 10001110 111,(1,
1. (1100110110 ordinatoru-
(1001000010 11100 0110010111, 10,
00101. (11001100 1001010 10-
011111· ΙΙΙ, 11,,0500100 10, Ι.
11110111. 11,0.011.1101. 11. contr·
1010011111ιο (80110011000 8011111-
0011. 111, 0. 101) 1101011011 10100
00 01100001 101000 1110011110οι.

(1001100111 11000 1110100101οη 10-

000010 S. 1, 1,1010. 1111 (1110-
11111 0111100101, 0110111111001011101.
10, 101. 00101 (1. purnium 110011
0101101ιο 1111000 11. (1111111 magi·

0111110. (11. 11101100 10. 0. 101000.
11110110. 11, 010. 1101οΙ1. 0. 011.

cmm 111100 11010101001111000110·

0000111110 0010011100 111 1101010 00-
111111 0000 do Ρ1010110 0111110100 cn·
01110100 001. (1. Ι, 1, 0., nbi 111.
11111. (11. 111110. 11. (10. 111, 00.
11001-11110001. 11. 0. . mn
001000 1101010 111, 0, 10. Qui·
1110100111, 1000110111 001. 110011-

 

