RERUM ΕΤ 111118011οΜ. 731

8111111111 1111111110, 10. 1,0,10 111111... 1111111
811111 1,0,11; 0, 0111. 111111. 11111111111 11111111

’ 81111111 1,01,0. -11111111111- 111111,10,10. Quod 11111-

111111 111. 10. 111111111111111.
Scythia mgidu 11111 111111 0. 81111111 misericordi-m 11111 11,

11, 1, 00. 0,1. Gur 11111131111111111
Scythicum 111111 111111 31111 1111· 111, 10, 8.

1111111111 111, 10, 01. 81111111 111111111111111 1111111-
81111111 111 11111111 11111 111111 1111111111111 111, 0, 10.

8. Ι, 18, 11. 8111111111 11111111 md Aegyptio·
8111111110.1,0,10. 8. 1, 00, 10.

, 011110.1,11, 1111101111. = 81111111111111111 1111111 11111

111111,10,0. 111,0,11. 0111111111 11111
8111111111111111. 1111111011111111111,0,10. 1111
811111111 C. 1, 0, 1. 111111111111111111111.10111. Gur
81111111111 11 1111111111 111, 10, 1. 111111 1111111111 1111111111, 10, 1.
81111111 0111 1111101111 8. Ι, 10, (11111111111111 11111111 11111-

01. 111111111111,10,11ι]1. 81111
811111 11111 1111111111 11 1111111111 111111 11111 1111111111 11111111-

111111111,0,10. 1111111111,0,01. 81111111-
81 111111 11811111 qn! 1111111111 n 11111 1111111, 111111 111111

facin ι1111111111118.1, 10, 0. b. 10 tq·

Σελψόβλητα8 1,11,11. 81111 11 11111111 (1.1, 0, ⁰3 8. l,
Τ 8111111 11 11 111111 111 1111111 01, 111 111,1,1.

111118. f, 11, 01. . 0111011111 1111111111111 111, 0, 01).
81111 11111111111111 1111111111 11· 811111 quibu· partibus 11111111

11111118.1,0,1. 811111 dubus 11111111111,1,0111. 81111111

1111118.11,0,10;111,0,0. 11111111 1111111111 111. 0. cnr
Σῆμα = σι’μα c. 1, 11, 0. 11 cupite 1111111111111. 11, 0. Ι,
811111 (11111111 1111111) (1.1, 10, 1. 0, 01. 8111111 1111118.11,0,
8111111111 11111111 1111111 1111111· ¹⁰3 111, 0, 10. 1111111111 111-

11111 1111111 8. 1, 10 00. pori 1111111011. 81111111 11111-
811111 genoratio 111 111, 10. 10. 1111111111111 11111111111111

8111111 1111111111111111111,0, 111,11, 11111. - 11111111111

0. 8111111111ιὶ1 111111 c. 1, 1111 1111111111 111-ιι (1.1, 11, 10.

1,00 11111111 11111. 11111 111111 8111110111 1111111111 111 11 111111

11111. 8111111111 11011111 111,10, poue 111111 G. 1, 10, 10.

10. 8111111111 11 1111111111 111 811111111111111111.111,10,0.

maior 111 11 1111111111 1,11, 10 811111111111111111111 1111111111-

qq· 8111111 1111111111 1111111 111 111, 00, 0.

1111111111118. Ι,0,0 11111111 811111111 11111111 111111111111-

1111111111 111111 1111111111 0. 11111 cum 11111111 111 1111111111

,11,0. 811111 1111111111 1,10,1. 0.1,11,1ι1. 811111111 111111

-111111111 111, 0, 111. -·- 111- 11 111 11 1111 11111 0. 1, 10,

1111111111, 10,0. 11, 10, 10. (1111111111 corpu·
81111111111111111111,10,0. 81· 1111 111 1111111111. 811111111

nominatoria 8. 1, 10, 0. 111 111 111111 111 11111111 (1.1,
811111111111111111, 10, 0. 11, 1 q. 8111111 = 1111111-
811111111111 1111111111 111111 (1.1, 1111111 ,1, 0, 50.

11, 1. 81111111 = 11 111111 genero 11, 0,
8111111111111111111111111111111· 10. 8111111111 1111111 0. 1, 0,

11111 quondm 11111111 (1.11, 10, 1. 6. 81111111 .. 11 .. 11111111 111,
81111111ῃὶ11 C. 11, 1, 00 m. 111, 11.

8111111111 S. ΙΙ, 0, 11. lambo, 1111011111 0. l, 8,18.
1311111111, 10. 81111111Ἵ11111111111 1111111-
Semoni·- qni 11111111111 111111 111111 0. ,0,10. 1111111111 111-

οΙ11111111118.1,10,0. tom 11 1111111111 111111 111-
81111111111111111111111111 111, 10, 11111 111 c. 1, 0, 0. 1111λ 111.

ὓ. ⁶- 1111111 111111 1111111 111, 8111111 11ι11111 111111 111. 111.

1 ’““ mun ἱ 1 ⁸¹·
8111111111 ngas. 1,10, 10. &numbram 11111111 omnini

¹ 8111111111 8.1, m appeti-flou 1111111 Badtina·

81111111 11111111 undo 1111111 G· 8. 1, 10, 011

 

