RERUM ΕΤ VERBORUM. 689

1616111 61 6616111161 66111111 11 016611116166116 61161161111.1,6
1611111661616 111, 6, 11. eqq. 11 Ml.
0611161 111161 111, 16, 6. -11111 016111161161161 1111661 111, 19, 6.

116111. 011111 661111161616 c.1 6, 6. - ω.
0611161116 1161161111 Ι1’,4,16. 1161111111 perfectio 0. 1, 6, 91 ΙΙ,
0611616661 open 111, 11, 16. 2, 14. Ρ11161 16111 0. 1, 6, 611
011111611116 16111616 111, 19, 2. 0616- 15.

nio 161116 frigido 111, 6, 16. 0111611111116111611 1616111111 diere
0111116.1,1,4. ΙΙΙ,611,1. 06161611116611111616
0161111 61161116 S. 1, 21, 16. 111, 19, 6.
la. 01111161 61161161, 11116111 gro· 0611116 166111116νί16. 11, 4, li.

111, 111166161161, 6161661111 ln- 0616ιὶ611 6116 111, 20, 6.

111111, 16, 6111. 0611161661 116611 111, 6, 16.
01111616 cernel 161116 1111116 S. ll, 066116 S. 1, 11, ol.

1,6. 111111111,111111166 Ρ1111161 066616611116110.1,6,6.

6111111161 111 111, 14, 16. 116. 0661161166 111111111116 11, mo.

16116161. 06611611 figurarum 0. 1, 6, 16.
01111161 611 S. 1, 6, 161 4, 611. 0611161111 6611111116 opud Plolo-
011111166111 111111 1616101611616 nem S l, 1, 6.

61 1166611110.1,16,6. Contere· 0611161161,1111166116160.1,6,46.

Delli 111 Sicilie V, 16, 19. 0111611 1661 1611611116 S. ll, l, 16.
0111110161161 S. l, 1, 6. = colore 111, 16, 1.
0116111116111611 sccii. 111, ⁸2. 0611616 161611116661 111, 14, 6.
0161116661 morinorum 16111616 1661 Corin 111116 6111116118. 1, 6, 16.

vn, 1, 6. curius, onliqnieeimne 111 S. 1, 6,“’1.
01616116 S. Ι, 16, 23. 011111111611111, 1, 41.
01116661ἱὸ111 flammi· 16111161 oio· cornorum 1611111166 V, 1, 4.

1616 11, 4, 6. 0611161 equor 1161111661 16 161111-
0111111161 1161116 16116111661 16· 116 06611111 16116111 11, 4, 22

16111 1661 homine cornmnne 0. 0616161111161161,16,6.

1,14, ll. 01111111 1166161616 06116116111111,6,161111.

1111111111111111116. ⁰¹'l'il.·.':.¹÷·.fl.·.⁸·÷.la '’ ²⁹· ¹¹¹

6111111161 0. 1, 14, 13. Crescendi 06111 ventrio Vll, 6, 6.

111 em· 166111 111 1161111111 111. 11). 0111616 116. Meter Deum.

0161116111 66161616 661 delimo cylicranorum 66116 11116 tric 11611-

1111110.1,19,26. 0161116111 16 1161111116 V, 61, 16.

longum 11 111616 11661166 11111611 cymbalorum 16 Ρ6161116 11111161

11661161 0.1,6,16. S. 1, 16,6.

01611 0. 1, 1, 6. - 1161611 gene- cymbium 116111 111, 11 6661 6111661

1611 1111116. V, 61, 1 11111.
01ἔ1611111 [ligo τὴν 1111111611 161161 0111111 flrignum 1161661616 Venerin
011611 1611161661 1661116111 1161 0111161661 161 Nicocreon S. 1,611,

19 11 . lo. “
0111111 'conplllqi‘l 1111116 1116161 co· Cyrenennnr quomodo Solnrnn 1116

6611661 111, 111, 6. 1111161116 1111161 S. l, 1, 66.
01116661616 6611116 16 conpore· 0116611616161111161111,6,16.

1166661 16116111 11616161611’11,6,

16 D 1111616 61 superfluo 116111 16161-
0111611610611116161116116 nennium 11111 1Ἰ, 11, 6. Serpc 1 11111166

legetur, 1111661116 11111 61 111111 11611661111116116611616. 1,11,6.

1111111161 S. Ι, 6,]11 111. Daedalo 01116 111, 26. - 111161
01616 1111111 homor 111, 16, 6. 11116.

0161661161611111611 6111 66111161 ⁰⁸⁸¹¹¹⁰¹¹⁰¹ 1111011111ἷῦῑῖ S· ¹· ²³.

1111111, ’1. 061 eornm appellatio 16111

01111161 1661111111 6111611116 1111· mm''bgmlffzl‘fflsxssffiffd

11Ῑῖῃῆ ¹⁹ θ’θ’ ΕῙΜ 'mim 11661161 66111611 epod Aegyption
0101111 111118· 11 71 31· 1118111111111111117011616611 116111161116Ι
01616111 111116111 111, 14, 4. cnm 6611161 S. 11, 111.
11611111111116111111. 1 111. 1166116111νί6. ani.

ll. 44

 

