681 11. INDEX

0111160111111018.1,11,16 01 66. 01111111101110.1,1,3. 011111·-
caprigenum pom 111, 14. 11111111 11101111 0. 1,6, 10.
0111111010 1010111 110118. 1, 11, 01111111 0.1,6,1.
66. 0111011110 Nouo 1010. 0111011111 101110111 111111.
captio 111011 vll, 6, 11. 0111111118. 1, 11, 10.
01111111 plo ΙΙΙ, 16, 11. 01111111 Nili 0. 11, 4, 11.
01111111111110. 1,6,16. 01111ομ1111 1111 Virgilium 11
01001 11 01111010 11011 1000 0. i, 1011 1101101111 1110111111 V, 1⁵,
6, 61. ·- 1101111101010.1,14, 1111.
10. copiti· 11011111 1011101101 01111111101110111111,16,11.
111111 111. 6. 011111111111 1110· 011010111, ψόγος 111, 6, 2.
1101 humidior 0001 1110 vll, 10, 01101111101 11011011 0.1,14, 15.
1. 011110 oporto 1101 111111 011111100111111111111111101 8. l, 6,
011000 1111 8. 1,6,1. - 81- 11. - perduellium 8.1, 6, 16.
11110 8. 1, 10,11. - 11010111 01111111111111101,110111011101111
11 11101 1111101111 111, 6, 11. ’1111011111 111, 16, 11.
110101111 ipo· operio capilo 1111 011010113111011001010111 111-
011 ibid. copiti· 1011111 1111111 ,11101 8. 11,1, 16. - 11101111
1110111101011 1111. 01111 111 1101011111110 lilii 10101) 111, 16,
11111, 10111 poetilio 8. ,1,16. 6. -0011011118.ΙΙ,1,15.(1111.
0111111111 10011111 Poloogi plo· 111. 110101.) 0110111 11110 0.11,
0111111111111.11. Quomodo 11, 6.
wigonitnuoefioibgfflzgliss: 31111111111111113111011111001 111·
11110 vn, 10, 6. 11111111 101 1111111011, 10, 6.
011111011018.11,4,11. 011111 1111 bollo poloni, poco
011001 1111110 011 0011111 0.1, 10, 0111111111 8. Ι, 6, 16.
noiomi·- 1101111111, 11, 1 oq . ο111111. 11.,[10111ν11ὼ1111111οὴ11111φ111
01111001 1011110 habitationi· 0. il, solubile· 0. 1, 11, 1. “
6, 16. 011110 0. Ι, 6,1.
0111016001111,1(1, l. 01101110 00101111 1’11,6, 16 oq.
01111101 10111111011101 11 01111- 0101111110. 1,1,6.
11010 111111 01001011111 111,6, Co 11 0111001111· V, 16,10. 01 11

1111. iesimon V, 11, 6.

011110111111 S. 1, 16, 6. 00 01 8001111011 8. 1, 11,11.
011111018.1,11,311111. Gooropo primo· 111 111101 81111-
011101111 11111111 111111 11011111 111101 01011 0011118. 1, 10, 11.
8. 1, 6, 111 11. 0101111011601111111111 0. 1, 6,
0110 01111 111111 1111010101 11· 61.
111111 vll, 11, hoq. 011001 00101111111011111110.1, 14, mo.
1111110101 0111 nonnulli· 1101· - ω1101101111011010·1,16,4.
11111111111111111111101101111, 001101 1101011011 (1101οΙ1111) 0.
114110. Ι, 6, 61. - lognano· 8.11,4,
011111111 dno 1111 1101101111,16,11. 16.
0111111130 1011111110111111 111, 6, 0011111111 111111 S. 11, 1, 16. 001-
16. 11111 01110111111111 111, 1, 6.
01111111 10010 1111011111 1111111111 ··- continentia 111,1,1.
8. 1, 10, ll 01 11. 01111111 11111111 8. 11, 4, 14.
011001111 11111 00111111 10011 8. il, 0011111 qnid 111 0. 1, 10, 11. -·
6,1. 11 11111111 101111 101 11010111
(inopium 111110 1110 0111111 cdl, 0.1,16,11;16 1. - 010101111
9,¹{. 0110111101110.1,16,11;10,11
0111111110 1111111 101 1011111110 00111111 1111110 111, 6.
iV, 3, 143 4, 11. 00111010111111 61111111 11, 14,1
0. 011111 1101 ’101111 S. 11,1, 6. 0011111111111118. 111, 16.
0. 0111111 1101110111 11011101 0111111111101)111,11,5.
010010111 110111011110 0011111 8. 0010111111 00111111 10101111, 6, l&
Π, ³· ¹³· — in 1011100 10011111 111. 11. 011
1118010110. 111 1110 10111 vu, 6, 6. qoo-
01111111 agor 1011 optimum 011111 motio 00110111 101111 11101101
¹¹¹, ¹⁶2 ¹2· 111. 11111. 0100111011111101·
01111001 num, 16, 1. 111 10101111 111. 11. 81111011101

 

