7,4. meo. 9,14,7 7. 667.
mmmmmwmmn
owstffimnmmffl
ω· ,7 ⁶⁸¹ q· w, θ’ 187 V·
766 77. S. Ι, 6, 10. 7. 740777.
Ι, 7,6. 7. 791. ΙΙ, 6, 16. 7.
711. 7,17,16 mm. v, 17, 11.
ιωῆηημωμ,
176767776-77
7777777771
7. 66 77. ΙΙΙ, 6, 6. 7. 46. 117
7776. 7, 6. 7. 47 77. ΙΙ, 1, 6.
7. 66 77. ΙΙΙ, 6, 6. 7. 90 77.
ΙΙ,Ι,6. 7. 119 777. ΙΙ, 6,6
777. 7.114. ΙΙΙ,1,9. 7.141.*
7η777Λ771777
167. ΙΙ, 6, 6. 7. 179777. ΙἸ,
ml. 117 77714. 7, 2 7. 104.
w, ⁰, 8. ,ι 2¹⁴0 v, Ι, ⁰· Vt
11977. ΙΙΙ,1,8. 7.161777.
Ι, 7, 16. (7. 166 777.) Ι, 1,
14. 716677. ΙΙΙ, 6, 6. 7.
mwhmwmnanm
&mvaffinstvanffi
14,6. 7.767.17,7,4. 7.776
ΙΙ, 4, 16. (7. 667777.) Ι, 6,
14. 7. 66677. ΙΙ,6, 16. 7.
666777. Ι, 7, 11. 7. 406* 777.
ΙΙ, 6, 16. 7. 417. ΙΙ, 6,1. 7.
446. ΙΙ, 6, 14. (7. 460777.) Ι,
ἣη7ΛωῃΛῆῃ1
7. 497. ΙΙ,6, 6. 7. 49677.
w, Ι, ⁴· V. 51511. witz·
7. 611. Ι, 6, 11. 7. 61977. ΙΙ,
ffiuwmmnm&
Ι, 6, 11. 7. 646. 0. Ι, 16, 11.
7. 67677. Ι, 6, 6. 7. 661777.
7777ω767η
7. 696 777. Ι, 7, 14. 7. 691 77.
ΙΙ, 4, 16. (7. 696.) 0. Ι, 10,
11. 7. 60177. ΙΙ, 4, 16, 7.
611 77. ΙΙ, 4, 11. 7. 616. ΙΙ,
4, 16. 7. 61177, ΙΙ, 4, 11. 7.
mwfflmmmffi&
6. 7. 616777. Ι, 7, 16. 7.
66677. ΙΙΙ,1,6. 7. 644. Ι,
17,16. 7. 666777. 0.Ι,9,6.
7. 667. ΙΙΙ, 1, 16. 7. 664. G.
Ι, 6, 6. (7. 679777.) Ι, 6, 14.
77677ΛΛ.7π7η
hfflvmunmfflssm

-77ωο7777ω«

076η.7π70164
7. 746. (2. Ι, 10, 17. 7. 66677.
117 7771). 6, 16. 7. 646177. ΙΙ,
Ι,46. 7. 647. ΙἸ, ma. 7.
ω6ῃΜμῊΜ7
ΙΙ, 4, 7. 7. 19 777. Ι, 11, 7.
(7. 19 777.) Ι, 1, 14. 7. 16
666 1. 7· 61
117 7776. 6, 11. ’7. 169. ΙΙΙ, 1,
1. 7.179.ΙΙ,6,11. 7.16777.

ΙΙ, 6, Ι. 7. 197 777. Ι, m.
7. 149 77. ΙΙ, 1, 6. (7. 160777.)
umnamwfflm
vAnvhffim.mw&w‚
11 .1Ῑ·.,’1·3.111..’·..’·.11ῗ
ΙΙ, 1, 60. 7. 604777. ΙΙ, 6, 6.
7. 669. ΙΙ, 6, 1. 7. 417. ΙΙ, 6, 6.
7. 461777. Ι, 11,96. (7. 479
777.) Ι, 17, 2 7. 610 77. ΙἸ,
1,16. 7. 616777. Ι, 16, 60.
7. 666. ΙΙ, 4,6. 7. 667. ΙΙ, 6,
6. 7. 666. Ι·Ἰ,6,1. 7. 601 777.
ΙΙΙ, 6, 6 777. (7. 616 777.) Ι,
76176ω666.7ωυ
ΙΙ, Ι,64. 7. 66677. ΙΙ, Ι,63.
(7. 641777.)Ι,1, 16. 7. 646.
wmanmmnffl.
⁶²0. 616. 691. 106. m. 144.
760. Ι, 16,16. (7. 666 777.)
1616 23131 X: '5‘ ’.ἓ
1η6667Μ7Ν6
66. 7761. Ι, 1667116. 17.
766777.) Ι, 16, 4. 7. 766777.
Ι, 16, 66. 7, 791. ΙἸ, 6, 19.
1761111 ’.111 116.
ΙἸ, l, 19. 7. 6477. ΙΙΙ,6,2.
7. 90. ΙΙ, l, 67. 7. 91. ΙΙ,
Ι,61. 7. 16077. ΙΙ, 1,16. 7.
16777. Ι, 14, 16. 7. 17677.
ΙΙΙ, 6, 16. 7. 161. ΙΙ, 6, 7. 7.
161777. Ι,6, 6. 7. 164. Ι, 6,
6. (7. 196777.) Ι, 14, 16. 7.
197. ΙΙ, 6, 14. 7. 146 777.
Ι, 16, 14. 7. 166. Ι, 14, 6.
mmmmmmmn
annun muna
6. 716677. ΙΙ,16,1. 7.
190 777. ΙΙ, 6, 14. 7. 196. ΙΙ,
6, 16. 7. 611 77. ΙΙΙ, ², 16.
mmwmfflmm&
Ι,7,16. 7. 66177. mm.
(7. 670 777.) Ι, 1, 16. 7. 406.
(1.1, Ι4,14. 7. 466777. Ι,6,
6. 7. 464. ΙΙ, 6, 19. 7. 466.
ΙΙ, 4, 16. 7. 660777. Ι, 6, 6.
7. 661 77. Ι, 14, 16. 7. 669
777. Ι,6, 10. 7. 696. ΙΙ,1,
16. 7. 697777. ΙΙΙ,6,6. 7.
611 777. Ι, 6, 11. 7. 610. Ι,
16,66. 7. 646. ΙΙ,4,11. 7.
676 77. Ι, 14,10. 7. 691 77.
Ι, 14, 10. 7. 694. ΙΙ,,6, 16.
7. 701 77. ΙΙ, 6, 11. 7. 714.
w, ὁ, 2· ““ ¹¹0 V· ¹⁵· ΙΙΙ) ⁶,
11. 7. 1677. Ι, 9, 1. 7. 67
77. ΙΙ, 6, 16. 7. 47 777. Ι, 1,
11. 7. 69 77. ΙΙ, 6,6. 7104
11161Ι.“1.1“.,ἶ·11“.ἶ”.11
*17,4,11. 7.14677.Ι,9,6.

 

