’111

111. 1. -· 1111111111 1111111111
1113111111. 11. 1111111111.
Bm 11111111 11111110. Ι,1,11.
11111111111111 11111111 1111111
gum ι111111, 1111111 1111111111

11... ᾦα. 111, 1.

nomam 111111 111, 1, 11.

1111111 11111111111 0. 11,11,11.

11211111 “’ ‘³·¹’⁶‘ ·
111 , , .

11111111· m 111,1,11 11 111.

Hom 11111111111 111 1. 1, 11, 1.
{cista-{notorias 11111111 111

'mh- 111, n, 111

111111ιᾶ 1111111111 1111111111111
0. 1, 11,1. 1111111111 110111
111 111 111 1111111111.

ngr· 11111111 111 111111 0.1, 11,
.-11111111111 1111-
11111 111. 1 111. bapt-ime
ca ¹, ¹⁰,1qsp3n910 ““· ui·
nu· 0.Ι,11,1;11,1. -111-
111 111111111110. 1, 11, l. ·-
11111111 111 11. 11. -· 1111111·
11111111111111111111111. -
quae 1111111111. 11. 1111111 11·
111111111111111111 1111111111
11. 1111. 1111 1111111111 ul-
1111 11111111111111111111, 11.
1111111 1111 111 1111111 1111 0. 1,
11, 1.

Μῖιῗῖιθβῗω, 011111 1111111

1 1

111111Ιὶ11111 11 11111 1111111111
111111 0. Ι, 11, 11.

11111111 11111 1111 11 11111·
{¹¹2¹ qum mmu- 1111111,

1111 quid 111111, 1811. 1111 111 1.
11111113. 11 S. 1, 1, 111 1. 11111.
Ι . ι

11111 ex 11 111 1111111 111 11 11

1111 1111111111 0. 11, 11, 1111.
111111 111111111111111 0. l, 11, 111;
vn, 1, 1. 111111 geum 0. ΙΙ,
11, 10111. 111111 11 1111111111
0.11, 118111. Non 1111111111
do 111111 111111 111 0. 11, 11,
11. 111111 111111 11 1111111 11·
111 11111 1111111111 0. 11, 11,
10. -11 11111 111 111111 0.
11, 11, 10111. ... 11111 111811.
ln 11111 motu 1111111 1111 111·
1111111111 1111 0. ΙΙ, 11, 11.
Principium 111111 1111111111 0.
11. 11, 11. 11, 111 11. nom
111111111111111 1110. 11, 11, 11.
111111 111111111111 0. 11 11, 1
11.· 1·1“·.11“’·”. ..11
· 1 1 ““

11. mm

111111 11111111 11 {mnes-eia
mignvit 11 1. 01111 1111111 11-
11111111 1111111111 u 111. 111.
01111 11 globorum 111111111111
1111111111111111111 0. Ι, 18,

1111111111 111111 0. 11, 11, 15.
1111111 1111111 1111111111 1111ρί-
1110.11,11,8. 0111111 111·
§nm Ι,1ἱ1.1ὲιιυιιιωο..“11, 11, 111

1 n 11111111·
significet 11111 11,111“1. 0111-
1111 1111111111 111111111111111,
1111111 0111111 ⁴1⁸5?
11111 11111111 11. 1,’1.’

1111 1111111 = 11111111 11111111 111
vn, 1, 1. 111. Nn.

111111 1111111111111 1111Ιῆ 11111-
111111111118.11,1,1. Q. fln-
11111111111111111 S. 1, 3, 1.

1111111111 1111111 1111111 11111
11111111 oon-humata 1111111111
111111,1,1.

111Ιί1111 111 111 111 operiunt-ni·
1111111111 1111111111 1111 soka-t
11 1111111,1,11111. 01111-
111111 1111111 1111 11 1111111-
1111 111. 11111. Frigidae 1111
111111111111. -11111111
11., 1 111. Unde 111111 levita
11111 11 11111111 11. 11111 1,11.
(hro 111111 111 1111111 11 1111
11111111111,1,10. -- 11111111
'mm 1111 ⁴0 om! m

11 111111 1111111 11,11;
11. 1,.1,11, 011111 1111111111
11111111 1111111111 tonui-&hm
vll, 11, 18. 1111111 11111111
11ἱ’1;1.1.ἷ’·.1.3;.11“1.“11
1, 11, Β. 111Ιὶ1111 1111111111
mm 11 111111 111 11111111

111111161111111 111Ιί111 nnn

mm 111, 11,1. 1111111111
ι .

11111111 1111111111111111 vn, 11,
9. 111111011111 1111111111, 11, 9.
-1111111111 11. 11.

1111Ιί111111 111, 11, 111.

1111111111 1111111. ΙΙ, 1,1.

11111111111111 annornm 0. 1,1,1

1111111111111 111111 1111111 111111-
mffimffl

1111111 1111111111 111, 11, 1.

1111111111 Pmoun 1111111 110111-
raum upummh 111111 111, 11,

mundaque 1111111 1111111 0. 111,
1. Eius 111111 11, 111, 1111.
1111 1111111111 111 11 11111 11.
1, 11, 1. 1111111111 11111 11. 11,

 

