RERUM ET VERBORUM. 111

Nota 1111111111111 111, 1, 1. - 10110. Ι, 10,11. [1111111111
11111111 11. 10. - 11111111111· cort· 111111111111111111111 111·
1111111,0,11. 11111111 0. 1, 111, 11. Quium

1111101111 0.1,11,11. 1111110111 1111111 1111111111 1111 11 1111-
0.1,1,1;11,1;11,11111. 1111 111111 efficiendum 0. ΙΙ,

Nova 1111 8111ἰ1111ἔρἱ111111 md ἒ,ἷ111.1111111 1111111111 11111111
1111111111 . , · . 1,11 . 11111111 111

Novata 111101, 10, 10. 11111111 :peomne 11 111111111-

novenaria· 11111111 11111111 111· 1111 111111111011, 1, 11. 111-
gum 111111 11 111111 1111111 1111111111 11 11111111 1111011111
111111101,1, 11. 1111111111 1111111111 0. 1,0,10.

Ν11111111111111110.1,10,111. 11111111 1111111 11 1111 11111·

11111 111 1111111111110 1, 11, 10. 11111111 §ott 11 S. ἴ, 1, 10. 11
1111111 1111111 S. 1, 1, 11 sqq. 11111,11,10.

Nom futur· S. Ι, 0, Ιο 11 1, 1 1111111111 fleu· ΙΙΙ, m, 1.
saumque& 111. 11111. Nos 1111111111 bui· hgbelntss ⁸:100} 1111

1131111 11111 1111 0, 1, 11, 1. Nube 3111 tii?² 2111111111 animm,
11001101 figmenti 0· ll, 10, 11. ned mn 11111111 eom· 0, ist,

1111111 geum 111, 10. Num 11 10, ’

111111 quo 1111111 ΙΙΙ, 11, 1. 1111111111 111111 1111111111, 1, w.

111111 111111 1111111 1111110. 1,1, 11111111 111 S. 1, 10, 10.

10. nandium 11 quo 11 em· 1111111111

. 11111111 quartu· 0114. ¹²· 1111 S. Ι, 10, 11111. -· 11111111 11-

11111 1111111111, ,111111111111 11· 1111 11 11111 11. 011. 1110 sqq.
11. 8.· 1 11. 1111181 1111811118· 1881
. , . 1111 . . 11 mrum 111
111111111’11110.1,11. (1111· Ι,11,10. - 1113111111111.
1111111111111 11. 1 110111. 11 11111 1111111111 11111 111 11
1111111111111111 1111 1111111111 ,11111 ot 1111111111111111111.10.
111111 1111111111 111. 11. 0111- Nuptiis 1111111111 qu! 1111 11111
11111 1111111 111111111111111111 1111111111 . 1, 11, 11 11.

S. Ι, Ιο, 1 sqq. 11111111ιί1 1, 11, 10.

1111111111111131111111 V, 10, 11. 111111111111.10.

Numan· 11, 0,1. 1111111111 1111111111 1111 11111111

11111111111111111,10,1. cnr tegunt 111, 10, 10. 111111-

111111111111111. 111. 111 ingenium 11111111 111111 111

Naum· 11111 111111, 1111111111 mm. v, ιι, ιο,

1111111111 ο.1,1, ¹· -11111 11111 1111111111 11111111 11 111-
1111, 1111111111 0. 1,1,1; ΙΙ, m So, 9⁹⁸³ 0. 111, Ι sqq.
³1:11¹& 1001311101113331. 111 u: Nympho ω’ ι’ Μ’
111111111111 1111111111, 0111111111111111 11. 15, 11.
11, 0 11111111111111111111· (111111111111111111111111111111111
1111 1111111 11111111111,11 pur! οι ignem ο.1,1,19.
1111111111111 1111 111 0. 1, 0, 1. 01 111111 0. 1, 1, 0.
Qu! 1111111 11111111 111111 11110. ome 111111 11, 1, 11.
Ι, 0, 0 111. 11 11111. Septem· 0111151111111111 11111111 11, 0,11.
1111 11111111 cur 111111 1111 (11111111111111111111111110.1,11,
11111111111110.1,0,1111. - 10.
81111111 1111111 perfectu· 11111 0111111111111, 1,11.
1111111111111, 111, 10. 01. 0.1, 0111111111111111111 0. 1, 1, 1.
εἰ 11111. ι11ἓιξ11111ί1ω11 ἵΙοίοο 01816111111111111111110110.11,0,
11111 e· 1 · . , .
11. Nummum :um geone· 011111 11111 11111111 1111111011.
111111 1111111111 1111111111 c.11‚ 01111111111111111111111 (1.1, 11,
1, 0. Numeri 11111 1111111 0. 0011111111111111110.1,10,10.
11111 11111110. 1,0,1. Qun· obnupta 1111111111 11111 S. 1,11,0.
1111 1111111111111113111· 0111111111 111111 ad 1111111 0. 1,
1111 111 inid. 11 101 11,1,11. 11,11.
1111111111111111111111111111 0111111 sana 1111111111 11, 1, 01.
11. 10. Per 1111 111 1111111111 obsecutio quibu· 111 1111 bono
111111 11111111 1111111111 111. 11111111111110.1,0,11.

 

