1 INDEX AUCTORUM.

11, 6, 16. 1. 646. 1,16, 1.
1. 648 11. 111, 6, 6. 1,116 11.
1,16, 89. 1. 110 11. ΙΙΙ, 6,
4. 1,111.11,6,18. 1. 111
1111. ΙΙΙ, 6, 4. 1. 811 11. 11,
61 ΙΙ. V. 88¹2. 11141ᾔι V·
96611. 11, 6, 6. 1. 164. 11, 6,

6. 1.111..11,1,11.

1111111. Ι. 1. 4. 11, 6, 11. 1.
ωψω61-ηιπ
1,11,11. 1.66.111,16,1.-
Π6111Λ116.ιη
11, 1, 66. 1.11.111,1,18.-·
lwmmstmmmnm
111,1,1. 1. 46. 11, 1, 41. 1.
πιωηιωῆωα
-· V. 1. 11 11. 11,6,16. -
wastmwstazmm
1,11,1. 1. 61111. 1’“1,6,16.
1. 66. 1Ι,61, 4. 1. 66 11. 11,
4,11. 1. 48 111. 11, 6, 6. 1.
14 11.11,6, 18. 1,1611. 11,
vA-vmnaumu
1111111116, 14. 1. 1. 11, 6, 6.
1ο 43. Ι1,1Ι, 16. ··· Vm· 1.
41.1)ο11111.1,1. 1. 61. 1,
18,1.11 11, 1,116. 1. 8611.
11, 6, 68. - lx. v. 1111. 11,
6,1. 1.1811.11,6,18. 1.
4111. 11, 4, 8. -· Χ. 1. 1111.
11,8,16. 1.61.1,11,16. 1.
69.1,14,6.1118,7.

(11111.1.1.1ι1.6.1,11.11.
1.6.8.1,14,6. 1,1111. S.
1,16,16.111,18,6. 1. 11.
11Λ1661111
666611616
24. 1. 84111. 1, 1,14, 1.
100 111. 1, 611,1111. 1.118
11. 11, 6, 66. 1.116*11. S. 1,
8,6. (1. 161.) 6. 1,16, 18. 1.

wnwffiavstwuhm
6. (1. 468 111.) 1, 16, 6. v.
mmspwmmn½2u
4, 8. 1. 418. 0. 1, 15,16. v.
mmwffiffimmu
Ι, 4⁰· 11 510 'q' w, ῃ, 1⁶· —

1

1

ΙΙΙ. 1.411. 11, 7, 6. 1. 66. ³

11, 4, 2³. 1,1611.11,6, 11.
ιωωῳνμιιιημ
1,16,6. 1. 116111. 11,1,
19. 11 9, 6111. 1,116. 11, 4,
61. v. 116 11. 111 11111. 8, 20.
mmdffifflmvstwo.
6,6. 1.189.11,6,6. 1. 616.
ιῃωῃ.ηω1αωι
1,116. 1. 449. 1,11, 4. 1.
418111. 1,18,6. et 11, 1, 1.
1. 481. 11, 4, 16. 1. 498111.
11, 1, 6. 1. 680111. 11, 2, 18.
1. 606 111. 11, 6, fl. 1. 608
1111111, 11. 1. 610111. 11,
6. 6. 1. 611 11. 11, 1, 84. 1.
64611. 11,1,11. v. 648 11.
11,1, 16. - 11. 1,10111. 11,
66118111ω
111. 1. 1. 101. 111,11, 10. 1.
11011. 111, 6, 16. 1. 16611,

6, 18. 1.161. 1, 19,12 1. ,

119. 1, 11, 16. 11. 101. et
mwhffimmnnwv,
11,11. 1. 661. 1, 6,4. v.
680 111. 1, 11, 1. 1. 461
111. 1, 11, 16. 1. 466 11. 11,
616. 1. 411. 1’1,1,66. 1.
mstffiffioennmwst,
16. 1. 604. 11,8,11 1. 601.
Ι1,6,16. 1. 611. 11, 6, ’1. 1.
611. 11, 6, 16. 1. 611. 11, 4,
18. 1. 6161111. 11,8,111 1.
666111, 6, 8. v. 640. 111. 6. v.
660. 111. 6. 1. 661. 16. 6.

146* 1, 18, 1. 1. 11111. 0. 1,
mmmmmmma
1, 18, 411. 1.166.* 11, 4, 16.
1. 161* 111. 11, 6, 11. 1. 161.
811868166 mwz
6.1,11,11. 11111,6,16. 1.
2nshmmmssmffim
Μ6114ῃω1ω,
6. 1.144.111,11,1118. 1.
ωθῆμκ.ιω1η1
10. 1. 461. 1,11, 16. 1. 606.
11, 1, 66. - ΙΙ. 1. 4.* D.
18, 1. 11. 661161.11,8,11.
1. 69. 11,6, 18. 1.60.1,14,
4. 1.111.111,18,6. 1,146

1111111111 111 1111111 historia 11111

1, 19, 6111111 11111111). 01111111-
Enc. h. 11.

1116111111 dixit 11111111 em 1111-
merum 111161111111 0. 1, 14, 16.

De hoc 1111111111 discipulo 111.
111111. baert. 11, 1.

1111161 11111111 1111111111 S. 1, 9, 6.
§de 111111). 611111, quod 11111111,
1111111111.

mommo 111111 11111111111111
exterra 11111111 C. 1,14,28. 1111.
11111. 111111. 111, 1.

VI ⁴ D 2111111 1111111111111111111111111
11... 1, ¹.·.‘.·. ’.ι 111 ...ἵ 1611111111· 111 1611· 11,
16, 6. 1. 614.11,4,16. 1. 1. 1111111. 11. 111. 111, 16.

 

