RERUM ΕΤ VERBORUM. 101

, 111111111111111118.1,811,18. -— 11111111.11111.1111.111,1,8.

, ulterior 111, 18, 1. Horu· 111111 111118. 1, 81, 18.
Ἱστᾶμενος μὴν 8. Ι, 16, 11. 1111111 111 quot 11111 8. 1, 11,18.
11111110. ΙΙ, 1, 811; 16, 81. 1111111 orbo S. Ι, 11, 8Ι; ΙΙΙ, 16,
111111111 11118111111 1111111 11111 10. 1111111111 oppidum vu, 18, 18.
11 1111111118. Ι,8,1. - 111- 111111111111 1111 sonoro 111,8,1.
11111111. 2111111111111111 1111ῗῖ111111ἐῖ 1· [1111.
1111111111,8,8; Ι1,11. 111. 6. -11113111118 1111111
1111111 opud 11111111 11, 8, 88. nubamus 18. 1. ·-· 11111 18. 8.
11111111111 1 1111111111 111 11111 11111111 11111111 8. 1, 11, 88.
111111 111181ἑί Qun, 11. 111· fossio„ ΙᾼμοΙΙίιιΙηίιοιὲ {nefiano
11111111 oon.. pu 1111111 ,, 11

= 111111 11 11111111 compo· 111 11 1111111·1111111118.1,11,1,

1111111111111110.1,11,]11. - 1111111111 8. 11, 161 11111.
111 111 corpo: 1111 11111. 81. 8, 1111111 pro pomp-ino 8. Ι, 18, 11.
8. -111 111111 1111111111. ΙΙ, 1111111, 11 quo 1111111 1111111111
18, 88. - deorum 1111111181 111111118.1,6,1611.
1181111118. 1, 18, 8. Animo, 11111111111111111111111111118.
1. 1. 11111, 11111 com 1111111 l, 11, 8.

1111111111 1111111110.Ι,11,811 11111111111 (1. 1, 8, 1.

18. 111111 11111111.11111(1.Ι,181, 1111111111 1111111 1111111111 11111

11,·18, HE..t 8111111ῗ11111111111 111111111011113111111161011111111 111,

numero (1. 1, 6, 68. 1111111111 111, 10. 111111111111111111111111

primum 11111 11111 1111111111 morborum 111,1,11. 1111111111

(3.11, 10, 6. 1111111111111111 111 1111111 11181111ιί1, rorum

1111111110.Ι,6,6811. 1111111111 terrenorum 11111111111111 emm

1111111111111111111118. 1, 18, G. ΙΙ,111,18. 11111111 1111111111

11. 11111 11111 11111111 11 11· 11111 S. 1, 88, 8.

111111 C. Ι, 6, 18. 8111111111 11 1111111111 Apollini· onero opud

1111111111 11111111 quom [11111111 11111111111118. 1, 18, 8.

1111111111111,1,1111 3 8, 111 Ηῖιάοι, Tauri 111111111111111 (1.

111. 1111 1111111 1111111111 111 ,18,18.(11.8.1’,11,11. -111-

11111811 11111111161 1111 8. Ι, 31111111111110.1,18,8.

11, 10. Duplex 1111111 1111110. Hydropioum Pmoun 111 11 1111

Ι, 18, 8. 811111 111 1111 111- 1111111 11111111118. 11, 1, 8.

11111111 1811. Acies videnti· 111 111111 11111111 8. 11,1, 1811.

1111111 CLXXX 1111111 0. Ι, 18, Hyle 1111111111 omno 1111111 corpo·

18. 1111111111 1111181188. (1.1,18,11. -11111111111111
Ὁμοιοπᾶθεια 1. 1. 11111Ιί1111 111- ’1111111111 111, 18.

111111 11, 6, 8. Hymettium (1111) novum vu, 18,8.
’0111111111118 11, 8, 16. Hymni 1111 ornandi exordium G. ΙΙ,
1111111110. Ι, 8,1. 8, 8. 11111111111111111111111·
1111111111111111 111 1111111111- 111111 111 1816.

111 8. 1, 81, 18. 1111111111 1111 ’11116111111111 (1111) 8. 1,18, 111.

1111111 111111161110.11,1, 18. 1111118111 111, 8, 1. - 11111 pn-
Ὅραμα, 111111. 11, 1 11 1. 111. 1111, 11.
nmo} 11111111. 1, 1, ι. n 11111111 11, 11, 11. ὃ. I 11
Ὁριστικὴν Mam 811111 modom 111111111111111 111111 11111111

111811111111 111111111111. 18,1. longiore· opud Virgilium 1111,
11111111 111 111 (1. Ι, 18, 1811 11 1811111111 1111111111 11,.11, 1.

11111 1.“11,’1Ῐ”1. ’111ἑὲ11 Ὺ1111111.1111“11111.’ἓέ1,111

111111111111111 11111 11811 (1.1, 11. 11, 1. oppono.

81, 88. fl 11111611 1111111111 11111111· ot
11111111111111111111. 111111.1,1. 1111 V, 18, 18.

1111111 agor 111111 11, 1, 6.
11111111111118. Ι, 161811. 1 11 11111111111 1111 indifferenter
1111111111 11111 111, 18, 1 1 . 1111 11111 1111111 8. Ι, 1, 81.

11111111111 1111111111 111111 11 , 1 1111111111(111111111111)11.11, 8.

18, 6. 1111111 1111111111111111 1111111111
11111111111111111 111111 111, 8, 81. vl, 1, 8.

 

