m 11. INDEX

1111111111 11111111 111111111111111

1131111111 eim 1111111111 1). 11, 1.

11111111 1111111 1111 11111 111, 9,
11. - 1 11111111111111 1111 111
11111 1111111111 11. 11. 1111-
111111111 11111 111 longua 11-
11111111 1111.

11111111 1111 11111 1111 1111111

111111112111. 11, 11,1; 111, 1,

11111 111111111111 1111111111 c.
11, 4. 11111111 offici· 1111111 G.
i, 11, 11. 111 11 unimam 11111
ο,1,11,1.111;11,11. Men·
111111111111111181.1,1. Eius
11111 111111 11 1110. l, 14, 10;
8. 1, 19, 14. 111111111111111-
111 111. 99. 1111 1111111111
.Ῑ.“1’1“ἑ“.“ἷ“ἔξῖ““.ἱ 1111.ῗὲἒῖ
110.1,11,1118.1,11,11.

11. 81111111 11111111 11. 11. 1111111111111111 1111111 11111111

1111 ο 11111111 1111 1111 1111111·
11111,11,11. 0111111111111·
111111 11 in 11111 dolii 1111111-
111111 111, 11, 911 11. 1111111 11
1111111111 1111111 11. 1. 11111111 1111
1111111111. [11111111 1111111 111
81111111 8.1,1,11. 1111 gu·
1111 8.11,1, 11. 111. 111.

1111111 1111111 11111 111, 11, 1.

1111111111 111 11 111 111111 111
{uentu 11 11111111111111111 8.
, 11, 11

mmm 8. 11, 1, 1.

mimum-m 1111111 11. 11, 4.

11 .
ΜῖΙΙΙ114111ι-111111 1111 1111111 0.
1 11

1111111 1111111 1 11111111 nigri
11111 11111111 1111111111 1111-
1111111 reddendumque 11111111
1. 1, 1 11. 111111111111111111
1111111 1111111111 111 11111111·
11111 1111. 111. Singula 11 111·
quod 111111111111111 11111 111,11, 18.

1111111111 1110. Ι, 1, 11.

Meamne 1111. 19, 11.

111111111 1111111111· 111 1111111
111101, 14,11. 1111111111 11-

111, 11,1. 111 1111111111 qundo
libare 11111111 11. 1. 11111111
11111111 111111111111111118. 11,
1,1. 1111111111 111111111111-
11111111111111111.1. Pri-is
111111111111111 111, 1. 1., 111
hildi 1111. 111111111111111111111
,1,11.

11111111 1111 1111111 quae (1111111

10111111 mi: 01111111 ί1111111.Ι ’ei ¹5³
ii.; S. 1, 14, 4. -1111111111
1111111 1111111111 111111 c.1‚ 1,
1811111. 1111111 cuiusque 111·
tium 1111111111 11111111 1111111111

ο11111111111.1,11,1. Menti· ¹

11 1111111111 1111111111 constitit .
Ι.1,11, 1. Montium 11111111111
numerandi 1111181, 11110. Nu-

1111111 1111111111 111111111111111- ¹
1111 8.1,11,1. Quod 1111111111 ¹

11111111 1111111111111111111 iue- ¹
1111 1111 1 11111111 11111111111
8.1,11,11111111;11,1111.
gunt singulorum inerint 1111 e

1111111 ordinatione S. 1, 11, 1 11.
-1111111 01111111 11111111111
8. 1, 11, 1 sqq.

1111111 111 opinioni· 111111 0.1, Momm· mo 1111111111,1,1.

11, 1.

1111111111· 0. Ι, 11, 11.

11111111 1111111 11111 11111111·
11111118.1,11,10.

1111111111 nitro 11 Agamemnoni·
11111111 1111111 8.1,1,11. 1111-
morici· 11111111 1111011111111-
11111111 111 0.1, 1, 11.

111111111111 111-1ο 111111111118.

,11, 11

11111 111111, rotie, 111111 11 11111·
1111 111111111111111 0. 1,1, 143
1, 10. 01. 11,1. 111111 divinior
1111111111 0. Ι, 14,1. - 111111
11111.1,1,111111;1,11111;
14,11; 11, 11, 11111111 11111111
11111 0. 1, 11, 1. 1111111. 1.
111. 11111 11 1111 11111 111-
1111111 11 111111 1111111111 0. 1,1,
11. 11111, mundi 1111111 0.1, 11,
14. - 11111111111111111111 111·
1111 c. 1,11,9. - 111111 eum

Montila 1111 11, 1,11.
1111111111 hominum 1111111 111

1111111 11111111111 11111 8.1,11,
11. 11111111111111111 11 11111-
111111 111 11111111 1111111 8. 1,
111111. 011 111111111111111111-
111 11. 11 Ἑρμῆς dicitnr 11111
voi 1111111111 11. 91 11,1. 1111
11111 11 sermoni· 111111 8. 1,
11, 10. - 11111111 11111181,
19, 9. Mercurii 1111111 1111111
1111111111111111 1111111111 1111111
1118.1,11,1. Pro 1111111111
11111111 1111111111 nunt 11111111
111 1111111111 11111 velocitatem
1. 1, 19, 1. 1111111 111 1111111111-
111111.1. coniungitur 11111 11111
8. Ι, 11,19. 811111111111 eim
quadratum 1111 significet 8.1, 19,
11. 111111 11111 11111111 8.1,11,
11. 11111 111111 11 sacrificatur

1111. Τ11111 111011111111 111,1,1.

 

