11111) 1. INDEX

11. ·- 111 8881 1181811811, 1, 11881111. p. 818 118118. 18 81811.
88. 1118811. 1, 8, 8. 818. Ι, 18, cupit. .9888. 11111818881. 81
18,, 811 1888881188818811. 18- 111181. ΙΙ, 88. 118118. 81018. 1ι
188. 111. 11, 8. 81. 88818811 18· 18118. 8, 11.

8881818 8888 1888181. 181811118- 111881 111 Commentariis [8818111188.
taxum& 11111811818101.. 1111181111. 1081ῗῧ811ᾞῗ111ῗ
(1.1881188 18 08118811. 1811188· 188 enm 8818118, 088881118, 188·
⁸³⁰⁰* Ρ· 111. 111111111111 1111111111111 11111.
118Τ1111η11188 8811. 1181. 8888. 1111118.181881888118.01.1181111.
11181111, P⁸1:31²„ 1118111110.1111111111 11111111 mumma 88818118811188
1188118881, 8818888 8888 1118188- scriptor 8. Ι, 10, 8. 1188188
118 1818818 8188 1888111 118818 Ρ881888181888 18888 1188 rm 118-
11888811881.“ 118181188188888188. 18818 8881188111 8. 11, 1, 11. 881·
118181. p. 198 „Ho- 188888, 188181888888118 181818 11181118.
11111111·’1111111111111 11,· 1111111111ῗέ ’11111
11881118888. 888 8888888 88181 Β. 180 888. 1188118. 1, p. 118.
881818 1181188188188811118 81 81· 88811. pp. 888 81101.

181 8118818111888 8812... 1181111818 1188811181 ,111188 ρ11188881818888118·
m? 22:⁰2l’3mz ’.11 1111211111 1118111
881118811811888118188881188811- legitur S. 1, 11 , 88. 01. 8811.

81188 librariorum 88888818 1818-
818.“ 1118811881 18 8881888888188
1188818808. - 18 18118Ρ88188
111, 19, 8. -— 88 prino 11188
1811118818111,1,11. - 18111
Punici 11181 prino 11, 8, 8.
i-- 18111 1188181 11118 18881118

Numa 0888188118 18 prim
2

,1188111811 81, 18 81111188.
xl, 88. 88111.) - 88818 8118111
1118181881 1818118818 88881 1, 11,
lo. 01. 8811. 11. m N 18811888

1188188811. 8. 1. 818.

081111111881811111 11181· 881 181881·
11188 18 888811 8811811188
murum S. ΙΙΙ, 18, 1. Anu

81111111. 1.,’111111111111111188
8818888818. 1, p. 818. 118118 8111-
1818888111, 88818 818818181881·
1118881888881 8818888 88188881,
118111818181811888111 81 881 8·
18811 881818 8118888881. Cf. 8·
111811. Gr. 111, 18. non-1320.
V, p. 888.

Ξενοφάνους 11818φοὶ8188· ma 088181,81118818811111118 mse-
1181188188118· 1188 88μματι- 81118 8118881811118 81 881188
818 811818818188181 8181881- ΙΙΙ, 18,1., 1111111881. -· 18
88118 118881 118 1181 'malm 11118 18 111888111188 1181811-
11888 111 8818818188, 1181181818- 181111,18,1. 01.1188118.11,81.
1111ν818181111111118111ῐέ1118111 01111111Μ 81188 18 18818111 88888818
’881188881111881118811118181888 881888 1181188188. 0. l, 8, 9.
1. 11881888. 1, p.. 818 88. Fragment· 8. 1, 11,18; 18, §S
1118181111 181118 18181881 18118881 11.11.111.21888,21.
8111881 1118181181888188111 11, 8, Pmoun (Pacuvius), 88111 18118·
8. Ρ. 1118111111 111 11188 888111 188 1888888118. 111,8,1. ·- 18
18 88118 8818811111. 11, 8, 8. 111· 118188 11, 1, 88. -· 111 Paulo
gidiu Figulus 18 11118 18 11, 8,11.
8818811181 888818 ΙΙΙ, 18, 1. 1111111118, egregius 18818181· (1888-
111811188 18 118111888811818- 888888 1, 81, 11. Halicarnasson-
81888 111, 1, 8. 1118111118 1881818 818, Herodoto cognatu· 01. 11881-
8. 1,1,8. 8888188 8188181111 888. 11. 1.
11111.11111111111111· 1111ῗέ211111 ’1 ⁶²1⁸“3'i
188111 11811, 18118 88111818188 01- 11881188. 1188181111. 1111111. 88.
888881, Plinio 81 1181118, 881 1188811. 88188.

18888 11818188 8188 88818811118 Ρ888881881181111818181888110.
81118188.“ 01. 11881181. 810111. 1, 8, 81. -111811881888 888.

1811. 8. 881111. 8881811818 81888 88 18118 81 1888. 8.1,11,

 

