1991011911444

4.14144,1, 9, 4.41111,1,11,
(4.114.44’.’,194,14.’.114,
114.191,9,11,14 4,199
44.,91 9, 99 99. 444 41 449.
11, 4,11, 4,49444. 11,4,9
404 444. 9, 9, 4, 9. 499144
1,9,.14,4.,1444419,,9
849 44 V, 9, 99. 4. 499 44
11,,,411 9.V19. 9Ι,114.
414414. 91,1, 19 4. 19414.
11, 4, 99. 44444441,,1911.
4, 999. 9,14, 11. 9. 999 14.
91, 9, 9. 4.449,1’1,1,14, 4.
144 14. 9, 9, 11. v. 114414.
19, 1, 9. 4. 494 44. 1’1,1,11.
4. 448. 91, 1,19. 4. 999 44.
9,,.119 4.441444, 9,19,
ἥῌνωψ9ηημ
411.)9,14,14.1141. 9. 981
444.1,19,11, 9. 9⁹⁹ 19, 1,
1.1414.,,.9111 41411,
111,4, 4. 4. 414444. 11,1,11,
9. 114 444. 9, 11,19, 4. 999 44.
9, 14, 9. ..141414 9, 14,44.
41441949 4..1419,11,
11. 1111.91,,411. 4.141
444.1,,.9144194111,19,
4.908444, 91, 1,.4 -Σ 4.
4,1,1 1,19. 4.9444. Ι9,,1,1
1994. 11,4,14. 4. 101144 .
11, 1, 99444. 4. 991 ¹99 V,
19‚’99'. 4.149.*9,1119, 4.
144144 9, 14, 4411. (99.
14441141) 9,14,4. 4,144.
11,,419, 4.1991,14,.19
(9. 19914 ,1 9, 14 4 4. 414.
91 ,4, 11, 4. 444 444 9, 19,
1. 4.41944.1,11,,414.414
,11414411
‚⁰ v·
444.*19, 4, 1. (4. 999.)V, 14,
9. 4.44944,1,11,11, 4.441.
1Ι,1, 9. 4. 494,11.91,9, 114
44111, 9,14. 4. 999. 19, 9, 4.
(4. 411.) 9, 14, 9, 4. 999. 91,
4, 9. 4.41944,111,1,1. 4.
11191, 4, 4. 4. 11414. 91, 1,
99. 4,141.1,1,14,44.411,
14,1, 44.441444,414141,
14,1.4,.1449,11,41,(44,
444144414111441 1, 1, 99.
4.441.111,14, 9. 444 444, 1,
19..9 4 441.49,,,414 v.
444111. 11. 4. 999. 91, 4,11.
9. 999 44. 1, 11,1. 4.441., 1,
1,1,14,441.,,91411.(4.
999 444)1 14, 9. 9. 491. 11,
1,.114.49944.,,1111,4.
441. 11, 1, 49, 4, 999. 9, 14,
1119611,11,.114,,114
VV, 4, 9. 4.144144,9,19,1.
4,149444. 1, 11, 19. 9. 144 44.
V. 11, 19. (4. 141.) 1, 19, 9. 4.

14914 11914, 4,111, 1,
911, 41411911 4.141’
19,4,11.4911.1144 4
919. VV, 4,11. 9. 911.19,4
9 4841111411 4.944.
19,4,.144 4.94414. 11,1,,4
.’,44114 19, 4,111. 4,111.
11,,,414 4119131144, 4.
999. ’91,4,,1-Χι’4.’.,111
4,4. 4.1414.,,111411, 9.
VV*9q. 11,4 9 9. 4944
19,.4,14 4114141911
4.’44,19,41. 4.41.’91,4,
4 4441944 4,11114.
91,,.119 4. 144441144
4,14944, 111, 9 4 4,191.
9, 19,19, 4194114 11, 4,
4.’ (.’,,41414419, 4,11.4
449,11444111,4,11, 41491,
11,14. 4 444444119 Vm.
14 ἱ9491194111. ,11, 4” 19 494
444.,111,14. 4.,414194
11. 4. 444 444 11, 1, 199
99⁹. 9,19, 9. 4. 4944441,
1,14, 4,444444.1,19,11.
4,1,4114 91,1,19. 4,144.
9Ι,1,4, 4.49044,1,,.1419
4. 444444, 1, 49,,1 4, 444
444. 111, 9 4 44011491,
4,4. 4411911914 4.4911
14. 91,4,1ο. ’4,’,14191,1
14. 4,144,,,,11111 9991,
444.9,14,19, 4149449
1,11.411114,11.4.11044.
11,,114. 4.19414.1,1,1.
4.904. 91, 4, 11. 1. 414.1)4
44111, 4, 9. 4, 999. 111,9, 19.
411,111,,14.9.,,.4ο11411
4. 944444 9, 1,,1 (4149.)
v,19‚9. 4.994.1,,.91111.4
999. ’9, 11 414. -’ΧἸΙ, (4.
1114919114, 4,19144.
1114199919117449941991.
4,944419,4, 14414114
11,,,19 4,14944.,,91499,
4.141,9Ι,4,19.4.114,114
4411, 1, 114 ..444 11, 4,14.
9²⁰3 ¹99. V'vV’ .¹‚⁴·.⁰‘.f¹.2.9
9,,.14114.144,91,,,144
4.441.91,,.’144.14,1Ῐ4,
498144 9, 11419. 4449144
1,11,1 (9. 444,,)9 149.
(ν’, 444.,1914,1ι. 4. 411.4
19,,,41411,1,.41441.
444.4144119,4,1. 9. 444
44.1,,,1149 4,494.,,.11141
4,.441 Ι1,1,11, 4,444.11,
1,.11 4,441,9,11,994,
99'9. 91,1,14, 4. 9’99.* 114
44111. 4, ’.’11 4.4.44 41448 44.

 

