RERUM 111 1666061111. 1181

061666116ιῦ 166116 ie 11616 16- 066661 neti 6616161111 pte 116 66-
66661116 661 6611611161 0. 1, 1161611111, 6, 4.
6, 61 16. maphate iu 6111111 6.1,66661.,10.
06666611116 161166 6. 1, 166611. 0666111116 0. 1, 6, 1.
0666661111 = 616ἰ66ἷ6ιο. 1, 6, 11. 0616116111 0. 1,Ρ 6, ⁸²3 16, 10, 1111
“titttt·tt.⁰„:.t.''t.·t‘t,¹¹t‘? t.:‚·0·.⁰t;t1‚'tt··· Μ’ ''⁸''

0666116611 661116 166 1161116161, constringere 11166166 111,6, 1.
61661, t. 061116661166661111116166 1611111-

061616611116 p. 1111. gitium 11, 6,· 10 qq.

Concipere = eenpieeti 0. 1, 6, 16. 0661661616 1616111 111666 111, 0,

0666161611 16116116 11611166 111, 6, 1. - 116111611166111, 6, 11.
10. 0666611616 111. 116.

0666611110. 1,6, 1. 0611161666 = 1611116666 0. 1,1, 1.

06666616161611611,1,16. = 11116616 616 p. 1111. 111. 0.
0611111 116111 chevet-eie 616166116 1,1, 16; 1. 1,16, 61.

hemisphaerii (1.1,6666 06166116116 = 1116616 116 0. Ι,
0611111666 que· 61666 6161ς161 10, 61 6.1,1,61 11 1,11, 11,

666 6666 66611166161 11611166 6. 16166.

1, 11, 10. 066111116111611661166111, 6, 6.
0611111111 6161 111,10, 6. 06111- 06616ςί6 6111611111 16161116 0Ι 1,

tium 1611661111,11,1. ’ 6, 0. - 661661160.1,11,11.
0666116 61111111 1666111 6611116116 - vitiorum (1.1, 11,11.

11111601, 11, 16. 0661616166 6. Ι, 10,11.
06116ἳί6116 161116 61 1161116 6111161 0611666161· (tivum 1161611161 111,
0611111611 66 616661161111611· ciiiitentitiq iungitur 6616 geruntio
06616616 tecente 1631011616. S. 1, 11, 1. 1111666111 1111111116
congeriei 61111. 661 praetenti· 161 66616611 16111-
cingente· petere 6. 11,1, 1. ἷι6116. 111. 16111 he. 61111.
antegehem 11. 6. - ,16, 1ος 111, 1, ⁴3 11, 16.
coniunctim 616166 11. 11. 0611111611 = subiecit 111,6, 1.
06616661660.11,1.116 verb-⁵2¹· 066116161, 1161 61111111661 6. l,
0661666116 1661116166 0. 11, 16,16 1, 11.
0611666661ἱοί 1166 6. 1,11,66111. continentie 661166 0. 1, 6, 16.
coaeum 66616 0. 1,16,1. - -· 66166111111661111,1,6.

16116 111, 0, 11. 0611111 ’1 = 11 111, 6, ¹³3 6, Ὧς
capaneia p. 1111. 10, 61661 ⁹³ 11, 6 0611-
0666666116 11, 6, 16. tigiiee = 16611111 6166 6. ,11, 66.
aare 616 61116 6. 1,1, 6. coemite 6111 161 111161 16611616
0661616606 11111111 miletium 6666616110.11,11,16. 0611·

6666111116 0.1,1,1; 11, ¹922 6611666161 666161 11616 16166-

0661616111166 11 16616161111616· 161· neptem globi 1111116611 0.1,

161 011, 11, 6. 061661661116 16,1 eq.

11116 1116116111 1111111111 im! cmtmrietaop,11.t.

1666666116 1111116 nignitate 06616111 66163116. 11,1, 16.

0. Ι, 10, 11. ceum 166116 = 61111111 0.1, 16,11.
06616166 11616166 0. 1, 16. ⁶· - 11 6666111 6161661111 6611116 0.

retem 1111166611 0. 1, 16, ⁹: 1, 11, 6.

·- 6666616111 6. 1,1, 11.. 1111 0111661111 611661 == 111 61161611 0. 1,

111. 1161. - 1611 0. 1, 1, 10. 1,16116;6,1.(161610.1,6,

- 1611 61611161 0. t, 1, 18. 6.). convenire 111 uem ι· 11

0661616 6616116111160.1,6,, t. 6611 66 convertere 111, 0, 11.

coenet· 1161 111616 quite-tutet 6666666660.1,16,11; 6.1,11,

16116 6661661111 111161 166161 21.

111, 6, th 0611161116 1161116 66611 0. 1, 16,
0611661616.1,11,1. 1. -66616111616161166161110,
06661116 0111, 1161666 161611611166 1, 10, 11 61 60. 066161116166

111, 0,1. 111616 1611161166 (1.1, 6, 66. 1116-
0666111111 dietae 16661 6. 1, 0, 6166611661166116116111111611.
611116. 16,.. 6.... {iiiiii} 111111111111131, 11.

1111611161, 1,1. ·- 1161116 111, 1, 11. -161·

 

