’1111111111 11111 M, 18,11. 11111· 11111111111111111111,11, 1 11.
„nm diu ι pontificibus ago- 1111111 111111111111111111 1111111- ¹
11111 111111111 appellatur& 1,1, 1111. 11,1,11.

11. 1111111111 111111 11111111, unim- flgmousso 1111111111 11-
111 11111111111111111. 11111 11,11,1.

111111 11111 111111 Butam· 11 1111111 1111 1.1,1,1 - 1111 S. 1
11111111 11 111111 8. Ι, 18,11. 1,1,11
11111 111 11111111 8. Ι, 18, 11 . 11111111 1 Tullo 111111111 1111111111 ¹
- 111111 11 111 11 111111 1111 - 8. 1,1,1.

1111111111 11. 1 1. 11 18. 011 11111 frigori· domicilium 1ἸΙ,1,10.
1111111111111111111Λ1. 11111· 111111111111111111111111 vn,
1111 11111111 111111111 1111- 11,11. 01111111 1111 11111111
111111 11. 1. nm· 11111111 11 11111111. 11. 11111111111 ignia
11111111111. 111111111111111. 1111111111 11. 11.

11. 111111111111118.1,11, Mfunitor lupun ’1111111111 1111111
:iaespnlnegl'n‘ohlsstnmfltztnm10:⁶⁸ 1113111111ῗ’11;11 quo· 1111111 111111-
thymo, insigne 11. 1. - 11111· mmm 1111111111 8. 1, 18, 1.
mm potem 11. 1. -· 111111 1111111111111111.

111111 1111111111 1111. 11111 1111111 1111111111 1111111 Δοίμιοι
11111 vu, Ι, 11. 81111111 8.1,11,11.

111111 111 S. 1, 18, 11. 111- Linon 1 punem 11111111 11.Ι,1,
11111 1111 11111 11 111111111 ⁶⁶3 11, 1. - 11 111111 11111
11111 1111. 111111 11111, 1111 11111111111111111111 11. 1, 11,
smum, 11 0111111111 111111 11111· 11. - longa 1111111 1111 C. 11,
11111 111111111111111111 1111- 1,1. mum 11111 1111111 G. Ι,
11111111111111111111110.1,]1, ⁶, 1 11 11. 1111111 superficie·
11. 1111111111111.8.1, 11, 1. 1111111111111.1. 11111111 (1111111
11111 ,11111111 1111111111 V, 11, 111111 1111111111 γραμμάς 1111.
11. 1111111 (111111 c. 1, 11,1. ln 1111111 11111111 1111111111
11111 11111111 8. 11, 8, 8. 111 11. 9.

11111111 11111 111 1111111111 111· Lingua 1111111 quum (1111111111 1
111111 vn, 11, 11. 11111111 1. 11, 1, 11. Linguae

1111111111 1111111 8. 1, 11111, 1. 11111111 [1111111111 11311111 11.

1111111111 1111111111 111 111 1111- 11111. 1.

1111,111 1111111111111 1111118. 1, 1111111111 111 11110. 1,1,11.

1, 11111. 1111111111111111111 1111111111111 ,1,11, 11.

11111 1111111111 11. 18. 1111111111 1111111111 11111111, 1,11.

11 sacramentum 111111 8. 1, 11, 111111111μ11 11,1,1.

11 111. 1111111 1111111 11111111111111,8.

111111 11311110. 1, 11, ¹⁴3 18, 11 1111111111111 111111111111111,1,
1111ς 8. 1,11,11. 111111 11· 1. (Gt. 1. 1111.) 0111111111111
11211·1111111111 1111111, 1, 1.

11. Pan 111 81111111 C. 1, 18, 111111111111111111111111,1,11.
¹³3 8. Ι, 11, 111111, 11.· 1111111111 1111111 neptem 0. 1, 1,

11111110. 1,11,1. 11. [1111111111 1111111 11111-

Libya 11111111 11111 1111110. 11, 1111 111111111111 11. 1,1. 111.
1,19. 1111. mmmm 111 1111111111

1111111 8. 1, 11, 11. Ammonem 1111111111 1111111 0. 11, 11, 8
1111111111111111 1111111111 8. litteram 1111111 (1. 1, 18, 1.
Ι, 11, 11. 11 11111111 1111 V, 19, 11.

mmmmm· 1 11118. 1, 11,11. binomium 8. l, 11, 11 11 ”3 1“1,

11111111 111 1 Ι, 11, 111. 1, 1.

11111111 11111 11111111 111111 1111- 111111111111111111111111Ἰ,8,1111.
1111111111 S. 1, 11, 8. 1111 11111111111111111111111111111111
11111111 11111111 1111111111 1111- 111111118.11,1,1.
111111111111111111 111, 11, 11. [1111111 11111 111, 11, 1.

1111111111 1111 111, 11, 1. 1111111111. Postumium.

Licinii 011111 11111111 1111111111, Locuples interpres 8. Ι, 1, 11.

11,11. [11111111 (1111111 nive· [111111111111111111111111111,1,
111,11,1. vm. 0111111. 11111- 8111.,1,11111.; 1,1, {mi
1111111 11 11111111 11111, 1111 1111111111111111111111, 1,1.

 

