’ 1111 1111111

RERUM ΕΤ VERBORUM. 705

11111111 11111111, 1111. 11111111 11111111 111. 11111111.

mmmmm

11111111, 11, 11. Ι 111111 1,11,1,
111111 111 1111 1 1, 11, 9 1111.

1111, 1111 111111 11111111, 111111
11, 1, 9. 1111 11111’1,1,9.

1111111111 preprium 111 111111 11,

1111111111, 1111111111 111. 111. 11.
11111111 11111. 1,1. 1111111-
1111 1111111. 10, 10.

Μ11ηηι

111111 11, 1, 4 11.

11111111 111 1111111 11111111 111
ΠΙ, θ’ Ι ι11111 11111111 1111111 8.
Ι,10,11. -11111111 1111111111
11111111. 183 11, 11. 111111111-
111 1111111111 1111 temne 11111·
11118110, 18.

11111 111. 1111111.

Ι1111111.Ι,1,118.Ι,1,11. (111

11111 111 1111111111 8. Ι, 1,11.
11111 regne 1111 11111111 8. Ι,
11311111

, mmumne

111ὁ1111111111111 1111111111 111

.,11

1111111 1111 111. 1. 111. 8.1,1,11.

111111 1,1,11. lebaudus· 11·
ω11111

Ι111111,11111111111111111111 8. ΙΙ,

1111 Τ11111 1111 111 111 1111111111
1111 8. Ι, 11, 11. ·- 111111111-
11111111.

111111 1111111 c. Ι, 11, 11.

111111 exorto ΙΙΙ, 20, 1.

1111111111 111 1111. (11111111 ΙΙΙ, 11,
11. 111. 111.

1111111111 1111111 exspectandum G.
11

Ι 111111 111111111111.11111; 11-
111. 11111.

legalia 1111111 1, 11, 2

11ςί ,111111 111, 11, 1.

1111111 111, 1111111111 11111 ΙΙΙ,

lnlffs’n'rai'uin (1.1, 1, 1.
11111 1111111111 8. Ι, 11, 11.
11111 111111 11111118.ΙΙ,1,1111.

⁰ 111111 onem 111111118. Ι, 11, 11

- 111111 1111 1111111118. Ι, 11,
111 .

11 leliqua (111111 11111111, 11, ΙΙ.

111111 1111111 11111011111111111·
mazam

11111 11, 1,1.

11111 111111, 81111111 1111, 011111
11118. ΙΙ, 1, 1.

111111 Kalendae 111 11111111 111111
11111 8. Ι, 1111.

ΙΙ.

lenium Brutum 11111111 1111111111
Romanum 111111 1111111 11111
111111 nonnulli 1111111111 8. Ι,
1111111111 ‘1²⁰ss ³¹⁰“⁰“⁰

Ι ‚ 2 Ι

111111111111 1111 dictu· 1118.Ι,
11, 1111111111.

1111 11111 11111118. Ι, 11, 10. -
eedem etque 1110. Ι, 11, 111
Ι.Ι,11,14. -1111111 eun
11111 ΙΙΙ, 1,1. -111111 enm
11118. Ι, 11110. Kelenderi- 111.
11. 0111111 1111111111 11 1111111
eunt 11111. 1111111111111111111
1111111111 111111 11111111 8. Ι,11,

,10. - Caprotinae 11111 8.1,11,
11. Populonia ΙΙΙ, 11, fl. 011
111111111111 111111 1111111 (1.
Ι, 11, 11. 0111111111111118.1,
11,11. 11111111 11111111 1111111
1, 11, 1. [11111111 1111 1111111
111, 1, 1. 111111 11 benedicitur
111. 10. Spem victerneia· 111-
1111111 1111111 1, 11, 11. 1111-
1111 1111111111 iurgium V, 11111.
11111111111111,1.1. -11111
Aeneae 11, 1, 11. Quid 11111111
13:31'1311121‘111'21131
111111 8. Ι, 11 2³.

11111111 111111. 1, 9, 11 11111,
19. - 11111118.Ι,11,10.

luppiter 1111111 eaelum 11. Ι,11,11;
8. Ι, leste. 11111 111111 progente
Minerva, Ι. 1. 1111111111111-
11111111 S. l, 11 , 10. 1111111111
11 1:1¹1: 111111 1111, 1¹3}
11, 9. luppiter 11111 1111111111
8. Ι, 11, 1 111. luppiter 11111111
1111111 1. 1. eum 1111111 promtu·
1111111111 (1.11, 10, 11. 111111
111111 111, ende 1811111 11111-
11111 111111 111 111111111118. Ι,
11111. Apud 1111111111 luppiter
111 111111 enimn 0. Ι, 11, 11. 111-
1111 1118. Ι,10, 11. Cur 1111
’1111111111 1111111 111 111111 8.
1, 11, 11. 2111111111111111118.
Ι, 11, 10. 11111111111111111111 ΙΙ).
11. -111111111111, 11. 111111
Olympium 11 11111111 1111111111-
1111 1, 11, 11. 11111 81111111
delubrum ΙΙΙ, 1, 1. Ab 1111
11111111ὲᾶ111 ’1 111
11111 1111 1, 11, 11. 11111 11
1111111 nuptiae V, 1, 1. 11111
ulem ΙΙΙ, 11, 1. 1111111111111111
1111111 11111 1111111111 111,9,1.
Eut 1111111111111111 ΙΙΙ, 11.
Tauro 111111 1111111 immolari

k

 

