111111

11111111 1111 Py 11111111
munuum 1111111110111111. (11.
11..“ῗ·.ιῖιὲ’,ῗ“ιῖ.;’,1.“..,ῗ11.1ἑ
111111 1 111 8111111111111 11111111.
1. Τ. 1. 1811. 1111111111111-
muman& 1111111111 teum per
corpu 11111 1111111111 111111 1111
amm c. 1, 14, 11. ·· 1111111
111 1111111111 11 11111 Veneri· 111
111κὶ111111 1111. 8. ΙΙ, 8, 18.
- 1111 1111 1111111 11111 suun·
1111111..1111111 1111111111
1111111111. ’.11 11. 11
1. S. 111, 5, 18. - 1111111111.
11ἷῖ1ἷῖ18111131111.. 111, 11, 1
- 1111111 11111111 S. Ι, 11, 8. 11
111, 18,18. ·· 1111111111 mim
111111111111 lm 11 origo 111
poetici 11111 11111 111111 11-
1111111111 1111 1 dedit 111111
1111 1111 1111111 1111111111 11 1111-
m 0. ΙΙ, 10,11. Quod 11111 111-
11111111111111 111111111111111Ι 111-
111111111111811 8.1,11,8.
1111111111 111111 11111 (1.1, 14, 15.
spumis 11111 111111111111111 111-

, . 111 11 1-
aerumna 111 11111111 11111131-
111 1, 18,11. 111 11111111 [11-
11111111 11111 11111 111111 ί111111
111 1111 11111
11111 1181111111, 18,.1. Vama
’1.2··.1.·..’1.’..“1;;1..11.1’.’.1
111111 11111111ιά11 1111111 11111111
1111111, 1, 14. 1111111111 111-
11111 1 1111 11111111 c. Ι, 1, 4.
1111112181..1111..1“1..1’;
(08.1,111 111.) 1 Porphyris»
111111111. 0. 1,8, 11111. Ab
11111111 11111 1111111111 111111-
1111111 1, 1, 8111. 11111111 11
11111111 111 1111111111 par 111111
1111111111 111 1, 11, 1. 1111111
11111111 11 1111111 1111111111 111
111 111111, 18, 1 111. Virgilian
111111 11111 Hum- 1111111111
1111111 1111111. .. 111111 oum
mi· 11111 111 1111111 praecipua·
111111ῗὲ1111ιᾶ 11311.ᾞῖθὲ
11 11111111 11111 111111111 111 1,
14, 1111. 111111111 111111111 11.
111 111 1111111111 1111111111 1,16,
5. 111 ”111111111111111111111
11111 “ 1111111111118. 121111111-

1. VNDEX

’111111111111111111111111,11, 1111.
11111 111111111111 1111111111111
1111111111 111 1111111 perfeetionis
111111111 Mun 0. 1,1, 1. Sunt
11111111 apud 1111111111 11111111

1111111 11111111 111111111111 ..11
1111111 1111111111 1111 1111, 8, Ι.
111111 Α, 1. 5811. 1 Ι,1,10. v.
5111.8.Ι,11,11. v. 1118.
1,10,8. 1.7111.1,14,18.
1. 151. 1, 11, 1. 1114111.
1, 8, 11. 1. 18011. V, 14, 11.
111111. 1,14,11. 1.10311.
1, 18, 1. 1.111111.8.Ῑ,18,
1. 1.1.19.1)11111.1,11. 1.
111. 111, 1118. v. 111. 11, 1,
8. 1. 518111. 1, 18,1111.
1181. - Β, 1. 81 111. 1, 11,
8. v. 111. v, 8, 11. 1111.
111118. 1.881.1ΙΙ,1,18.
1. 18111. 1,1. 4. 11118111.
1,8,1. 1.485.1,18,1. 1.
488 111. 1,1, 18. 1. 488. 11,
8, 0. 1.511.1,16, 11. 1.
511. 1, 11, 11. 1. 511 11. 1,
15,181111. 11518 11159
11881. 1, 15,11. 1. 581111.
’1,18,1. 1.118111.1,15,
18. 1. 111111. 1, 18,8. v.
111. v, 18, 11. 1. 111 11. s.
Ι, 111441 V. 859111, Β, ¹⁰· *¹
⁸· P, '0 ⁸·sp v, 10, l· '0 ῃ
111. 1, 10, 8. 111111. 1,.’1,
11. 1. 51. 1Ι,8, 1. 1. 181. 1,
111. 111111, 11, 1. mn.
S· 11 m, 91 ““ Δ, 'o ¹⁰¹· s·
1,11,88. 1111118111.
18,1. 1.111.1,11,4. 1.
111.1,14,1. 11111111,
1.11. 1.111.1’,11,1. v.
111111.1,18,10. 1. 44111.
1, 18,11. 1. 111. 1, 8, 11.
v. 111. v, 11, 1. - Ε,1. 1.
1, 18, 84. 1.11.8.Ι, 11, 8.
1. 81 111.1,18,18. 1. m.
Ι). 18,11. 1188. 11, 1, 14.
1. 811. V, 14,1. - Ζ, v. 11.
V, 11,1. 1.108111.1,8,10.
1. 811. 111 11111. 1, 8. v. 488
11. 1, 10, 4. 1. 501 111. 11,
8171 ““ Η, ’1 ⁹²· 1,,5, 11 'Vn
111 111. 11 1⁵2 111. 1, 8, 1.
v. 151. 1,14, 14. 1. 311 111.
1, 8, 6. 1.181.8.1,11,811.
-8,1.1.11,8,11. v. 11. v,
8,.’1 1.1111.1,10,41111.
v. 61. 1,14,1. 1. 808111.
1,1ο,11. 1111* 1,1,1.
1. 518. 111, 10, 1. 1. 181 11.
1, 5, 5. - 1,1.1 111.1,18,
14. 111811. 1, 14,11. v.
111111. 1, 8, 1. - 11, v.
111111 1, 8, 8. 1. 17111.

 

