RERUM ΕΤ VERBORUM. 693

11118.1,19,11. -11111111111 [11111111.1111111111111111111-
1111111111 ex 111111 1111 11111111 111 11111111 11. Ι, 1.
ib. 11. Δ1111111θεοί, Ρ111111 ΙΙΙ, 4, 9 11.
(11. 1111111111 11111 [a. cmm 111· Dyrrhachium 111 11 1111111,11111111
111 111, 111, 4. ·· 111111111 111 S· 11, 6, 11.
1111111111 1111151 S. 1, 9, 11. Δυσκρασία 111, 10,1.
1111111111 S. ΙΙ, 4, 99.
11111111111111 11. 218. Ε 11 1 11111111 plerumque 11 111
1111111 lingna 11. 9, 2. cf. 11, 1. 1111111111111111111111111111.
1111111 11111111111111111111 11 1, 4, 91.
ΗΝ 11 11 ΕΝ 1111111111 11. 19, 1111111, qui 1111111, 111 111111 S.
11. ,1,11.

, Δωριεῖς 11161111 1111111 11.11,11. 11111111111111111111111111’11,1,

- inperfecti 11111111 1111111 1. 11011111111111111111111111).
1111111111111111111111 111111. 11. 1111111111111111111 11111111 G.
111111 111 1111 11111111 11111118. 1, 1, 12, θ. 1111111111 1111111 11111.
90,1. - 1111111 111111 111111 11 111111111111111111111 11111111-
111 11111111 11 11111111 imago S. 111, 1111111 1111111111, 11.
1,9,12. -11111111111111111- 11111111 1111111111 1111111111 11111-
11111 S. 1, 11 , 12. 1111111111 111 111111 1111115111111,1,9. 111111-
11111118.1,19,1111111. -11311- 11111 1111111111 111. 10. Ebrio·
111111 11111 11111111111111111- 1111 1111111111 111. 11. 1111111111
1111 S. 1,19,10. 01111111 1111- 111111 111111111 111111 11111 11-
a: 1111111111 1110110111,ιὲ 111. 1111111111ιῖ1· 1111111111 0. 1, 1, 90.
111111111111111111111111111111 - 11 11111111 S. 11, 4, 19.
ibid. - 1111 1111111111 11 Sn- 111111.11.1.111.0.1,1,4;18,1;
11111 111111111111 iungantur 111. 8.1’, 1, 8.
1. 0110151111111 111111 111 111· 11111111 Ι. m, 110.
11111111 1111111111 11111111 11. 9. 11111111 111, 13, 19.
11111111111 1111111111 1111111111 Ἠχο), 11111 1111111 11111111, 1111-
11111111111111 1111111111113111- 1111111111 11111 significat S. Ι, 99,
1111 111. 11. 1. 1111111111. 111. 11.
111111111,9,111. 1111111111111110.1,11,10. 111111-
1111111 111111 1111111, proverbium S. 11111 11111 (1. 1, 1, 1111.
11, 9, 10. ’111111111111111 1111, 11.
111111 1111111 11111111111111.1,1. 1111111111 111111111ῑί adsignandum
Ducere 1111111111 11 11111111 1111· 1111111 111111111111111111111
111111111111 111,11,11. 111 1111111111 vn, 6, 19.
1111111111,11111111111111,1,111. 111111111111118.11,1,8. -11-
111111 1111 1111111 111. 111. Quo· 1111118. 1,1, 11.
11111 1111 11 1111111111 111 11111 11111111111111111,9,10.
1111, 15,11. 1111111 1111111111- 11111111 1111111111 111111 111111111
3111 11111111 quum 111111111, 111, 19, 21.
19, 38. 1111111111 11111111111111111111 111,
11111111 1111111111 repugnat 111, 1, 11, 14.
11. 11111111 111, 13, 1³3 11, 11.
11111 (1111111111) c. 1111. 11111111, 0. 1111111111 1111111111 S. 1, 94, 12.
1. ¹⁶2⁷· -· 111 1111111111111111 1111111111111111111111111 1111111
1111. 111 111, 1, 29. - pro qum 111111ιί11111 1111111111 S. 1, 11, 1.
11111111111 111111 11. 99, 9. 11111111111111 11, 1, 19. “
11111,1111111111111111111110.11, 1111111111, 11, 1. ι
9, 9. 1111111 11 1111111111 punt-tum 11111
11111111 1111111111 11111111, c. 1, 5. 11. Eicitur 11111 11
111. puncto 11. 1, 1, 115.
1111111111 1111111111 G. 1, 19, 91. 11111111111111111111.
quid 111 (1111, 1²· 1111111111οά1 V, 19, 20. “
narses.. ι... 111, 11, 1. moganum eug... 111, 1, 11. ·
1111111111 11111 111, 90, 1. Εὶελεὺς 1111111111 1111111111 S. 1,
1111111111 1111118111111111111111111 11, 41.
S. 1,1,11. 111. 1111. 1111111111 11111 1111 111118. 1, 8, 8.
Dyu 111111 111111 1111111111 (1. 1, - praeter ignem 111 15111111-
19,11. 111111111111.1,1,18. 111111 111119· -1111111111,

 

 

