1111111111 1111111111. 111

1111111111 1111111111111111 111111-
111 1111111 1111111111 111, 6, 4.
Amator, 111111111111 11. 1, 14, d.
Δ 11111111, 111111, 11111111 1111 (1.

¹2 6, 19. Unde 1111111 (1. 1, 12,
Λ11111111111111 8. 11, 9, 6.
[1111111111 quid 111 111, 6, 2.
Aoiptoc Apoiio 8. 1, 11, 16.
11111111111 1111111111,19, 6.

Μ. 1111111 11 11111111 111 8. 11,6, 6.
1113111111 S. vn, 6, 11.

, 1111111161 1111111111111110. 11,1.

[1111111111 111111 1’11,2, 14.

Loquendum 1111 11111 1111111111
1111111111 di oudini, 11111 dio
umqum 11111111 11111111 8.1,
1, 4. Loqui quoodo 11111111 11-
1111 c. 1, 6, 69.

1111111 11 11111 1111111111111 111
1111181 6,14. Cur do 11111
11 nigri· 111111 11111111 11111111
gignuntur 111, 6, 18.

1 Lotu- 11111 11111 111, w, 2

[1111111111 1111111 111611111 81,
, .

¹ 1111111111 111111111118. 11, 1, 6.

1111111111 11111111111111, 111 611-
111111111 8. i, 4, 16.

¹ 111111111 quoto 1111111 11111111111

1111111111 111 111111111111111 111111-
111 vil, lo, 81.

1111111111 1111111 11111111 111,16,8.

11111111 1111111111, 1, 6.

1111111Ιί 11111111 111111111111111111
111111111111 111, 16, 6. Eion 111-
111 (1111111 11111 11111) coo 11111.
11111111111 1111111111 dicio· ibid.

11181111 dioto· Tarquinio· Princo·

. ,1, a.

111111 111 111111111 1111111111 11
8.1 16, d. iaodi dpoiiio 11
1111111111ὲ111111111111111 111111
11111 . , , .

bodio 11111 111, 96, 1.

11111111 11111111111 11111 1111111111,
14, i 11 ’1. -1111111111111118Ι 11. 7.

1111111 11111111 11 1111111111 111,

1111111111 1111111111 (11111 1111) 0.
1, 14,96; 19,96. 1111111111 duo
c. 1,1,11; 1, 11, 11,11, 11,
16; 16, ⁴³ 19, 24. 1111111111
1111111111 1111 81111111 1111111111
S. 1, ’1, 61. 1111111111 (1111111111)
s.1‚1,o; 11‚1‚4.

1111111111 111111 11,1, 19, 13.

1111111 11111 1111111 1111 8. i, 16, 44.
1111111 1111111 1111111 111 111111111
11 1111111111 1111111111 11.1,16,

1111111111 ionium 1111 1111111 11.
19. 111111 111111 C. 1, 16, 9.
Quot 11111111111111111 11111111,
11 quomodo 0. 1, 6, 49 11ης 19,
161 91, 1. Perpetuo 1111111111-
11111 (1. 1, 19,11. 8111111111
11111111 G. 1, 6, 46. 81111111
11111111111111111 (odom) 1111
1111111 distinguitur 11. 61 1111-
11111ωοί111. διχότομος 16. 64
11111111 ,111 111·
1111 111 drinio G. 1, 6, 611. Aii-
quondo 111 111111111111111111111111.
61. 1111111111 11111 11111111 111-
dei 111111111 1111111111 11111 11111-
1111111111 credidit 111111 (18. 1,
16, 1. 111111 11111111, 11111 11
1111111, 1111111 1111111111 uomodo
undeque 6111111111111 11. 1,1.’1,
1011111 1, 16, 9111611111 3 91116
111. 1111111ι111111111 111 1111111111
., , 1111111111-
11111 111111 111111 1111 1111111111
c. 1, 16, 10. (ior 1111 111111
11111111 111111111111111 111111111
0.1,19,19. launoio 1111111 quaro
1111111111 11 11111111111, 11111
1111111111 111, 16, 161111. 11111111
1111111 11 1111111111 1111111 111·
111111 vn, 16, 96. 8111111111 qni
1111111 11 1111111 1111111111 111
1111111 11. 16. Aperit 11 1111111
1111111 1111111 11111. 1111 11111
11111 11111111 11. 19111. Lo·
111 11111111111 ο.1,11,1. buno
1111 1111111 condentibus 1111111
111111, 111111111111 11111111 111-
111 superficiem 11111 1111 1111·
11111111· G. 1,19,19. 1111 11111 1111
11111111 11. 16. - 11111111 11111
(1.1,11,1116;19,16. Supra
1111111 1111111111· 1111111 1111111111
1111111111 omnio: 111111 cormp-
1111111111111111111 11111111 11111111
1111111. 11111111 1111111111 111
1111111 1111111111111 11 1111111110.
1, 16, 12. Eoi 111111111111111111
(1.1,91,96. 111 11 1111111111
111111 od 111 11111111 c. 1, 19,
2³. 1111 11111 oi 11111111 111·
1111111 C. 1, ii, 6. - 11111111-
1111111 1111111111 11111111111111-
1111 11. 1. - 1111111111 111111111
1111118. 1,19,11. 811 11111111
1111111111111111 1111111111 modo·
1111111 C. 1, 19, 96. 11111111, 11111
11111 111, 11111111 1111111111111111
1111111111 111, 16, 91. Eodem
11111 iuno, 1111111’Δρτε1111111111
1118. 1, 16, 66. 01. 111. 1191.

9. -11111111111111111111111 1111111111 111 1111111111 111,9,4.
1111111111 1111116.1,19,611. 111- 1111111 111111 111 1111111111. 11,11,

 

