551 1111111111

·— 17 777717 577177 7.1.11,5,1ι7711 geographiae munumina
1077.7.1’1,1,517717.11,1, 1117771117,01,Ι177777771.7777111.1,ς
4.- 17 771777 5771717 7711, 11 5,7111, 551717. -1777171,
777777) 11, 5, 51 7711577 7771717 77177 111,15,75. 0111777111.
57711771 1177, 57-177 7771717- 11771777117711771 777 117711- 1177. 111,
717777,,51“,,7,.117175117.755 7177117777.
17111η1η111·’.ἈἻΙΕἈἎ 117777οοίἕέ 11157131, 1,21.,Ιι)11111 7117ἇ.
1777 7177171. ,1171717 771. .
717777. 11. 11, 1, 717 7.17.117.11,11,7.75.
717 7. 11. 11,7,711.- 77711, 7. 11777777 171177 elegante· 1175717177
511, 1, 7111777711, 1, 15, 7717711777717111717 77177117 1757177
7--171,11777177717711, Ι, 5117, 7777717777151177711177111. 5,5
117175. -17077771577117* -11117157717771771717777715111771115-
11,7,11,·-7·17117771715771Ι1771177111,15,77.111.5171775.
1,5.-17711717777·7ρ71,11,.7 11171. 7711. 771111 77711771.
-1787171 17171711, 5557 1,.5 1177717711711.11171711.111,7,
11177171,77757177717771771711- p 111 sqq.
577 77711777 71771717, 111, 5,1. Ap· 1177771717 7751117177 17517171 ,1177-
1171171717 7177 717717171171177178777177 7117 (v. 11,)1,15,.-1 117177-
751·177711.1711.111,11.7777177171ζ71,15 711111, 2,,5
1171717777 177 1177171171, 71, 11. - 17 17177 711717 8.1,15,5.
01.87115,,517171.11171,7717 (77- -17177371771171717777517177577
717771. 7775771 5,51. 117171. (177717. inscribitur V, 15, 15 tq. - 17
· 5.11711.1117511.111,1,77.111. Ρ117711777178,1,17,177. - 171
1171777177 7711777777 77717177 111717- sabula ’1777711577 1, 77, 1.
71717777 utro 7777717 V, 11,5, -ny 17171777711171778 Ι, 11,
1711577 7111717, V, 75,1. ί7111711711177, 7, 58 .,1 11,
5171777177 1.1,11,1’7., 11111715. 55. -ι17113117,1717.8,1,11,55
11711. (11.11777117.11,7175.1177711. 75571111, 15, 75.
71.755,71111.151,1·771117 ,117717778777111771717777751-
871711771777, 7717711771771777171717, 111 ses 111 11577 ΧΗ. 8. Ι, 15, 4⁵.
777177777777711177717777 V, 1171111-1177,111,71.155.
711, 5. 11771. Ι. 7. 111, 1, p. 51 77,171771777111,111,151171717777777
1171777777,71171177771171777751117, 777- philosopha· 71 grammatius
7177177181, 11,11, 1117771717 7177177777717771717717711777157111177
7771711177 7777771777771777111. 15. 111, 1171111717. 1117171111,
31101307 51112571ὺ117111171 111327· Ρξῑι1111ῗ11111717177111751118111513·
111· ’111711111111111 11711111311171·
-v 7711777777 7 7777 7-
1717751717 1717777771 111, 11, 5. 7177111115, 7517111771,
111777 77771777, 7771 5177777771711, Famam 7777151177 7177777 decadi
mm medebor 7111177771177178. 1 1,1, ὗ77177711,1.,1 117777,11,7,571,
17 0717177 177177 71717 7171117777 771117 p. 751.
loquacitate 771751117711, 1 7, 5. 17171177 Ν·71711.17111 m Fani· 77777
Epicureorum 1717177117777777 177 777717 1177777117 5177777771 pot-44.
37771717ί {troica 77ἷοιδ17711ι7οἧ7,Ι8.11,1ἔ,115ἰ31ζ7117ἳ771ιω7177ῗ
1777777 7171777777 77 egum· 7177717
17711. 1,5, 1, Summum 5711771 7811171111, 71 11171, 077111. 111,
117 77177171177177171118, 11, 1, 1 1177717111.11171.11777.71,15577.
17771777777μ117717777771 7117777777 117717.11,7,7177,1177717.
77511117177777· 171 Ρ171177177717717177- 1117177 171 7171717 ,11171711 11.οι 1,
5771777 771 Vn, 15,5.,17111711Ι, 51. -17 71717717 111. 1171,15.
7711. -17 77717717 1771711 11, 5, 5.
Summum, 71717777 1775771777 -11177717111,1, 57--17157-
17 7717177117 771 1177717777 71717 111. ³³.- -177 7771771717 15.
Lacedaemoniun V, 71, 15. 5111711717117171717177717
01.111777.111,54.ρ,111,7.571711167111111777171177171117175-
-in 115717 7117177717717171111. 71117177, 71771.17771.7711,71,.51577
Ι, 711, 4. 0771171717 17 1177177111. 11717117, 1, p. ..715 117771, 71. 1111,
Erigo 77 51. 7 775. (1771177117 17 177117· 7711171717 7717117177
7711177117177,711171711171 7777777- 115777 sumum· 57771177 1777-

 

