111 ll IND ’

1141, 11, 11. 1111 11111111 11. 1111111ἱ11111 1118111111 111 11-

l· 11111 . .

111111 111111 1110.1,1,11. ·- 1111111118.1,’111,1. Aga-lim·
11111111111111ΙΙ,1,10. 011111 11111111 111 111111 Pompiliu- S.
1111 0. ΙΙ, 1, 11. 1111111 111 1,1,1.

111 1111111 11111 1111111111 111· 11111111 1111111118.1,1,11.
111111 111, 1, 1111. 1111111 111111 1111111118. 11, 1, 3

1111111111 = 111111111111.1111. 0. 11 9.

1, 11,1;11,1;11,11111,111 1 111111 1111111111111 quomodo
11111111. 1111111 1111111 1111111111 8.

11111111111111111. Ι, 11111. Ι, 1, 11.

111111111111111111,1,1. 'Ay-vul, 1111 11111 11111, 11

11111 1111111111 1111111111 1111111 ’11111111 111111 8. ,9,1.
111111101111111. 1111111 1111111111,11,11. 11111111-
111, 9, 10. -· 111111111111111 11111,1,11. 111111111111111
novo? 1111111111. 11111111 ἔ1,11,1111111111111111111111
om . . ,2

1111111 1111111111 11111111, 1111- ,11111αό1111 1111111111. 111,
11111 1111 11111111 11111111 111, 19, ffl.

1,1. 1111111 111111111111111 Alam, 11111111111111111 11. 11, 11.
11111 11111 S.. 1, 11, 10. Eut 111111111ῗιιοι Ι1.1,11.
11111111.1111.1·1.111 1111811111. ι. .. ..ι
mim 111110111111111111111- 111 211111 1111 11111 0.1, 11, ¹43
⁰·- ι 1 ’ 0 1

11111111 11111 111 1111 0.1,11, Alte, 11111111 11111111111111 111,

111. 11111111111111111111111 11,1.

11111111111111 111 0. ΙΙ, 1, 11. 11111111111,10, 1.

1111111111 1111111111111111 1111111111111111 11111111111111
0.11,.11, 1. -11111111111111 1.1,1,1.

affirm? ’.111211 ³⁶22. 11, ιο, 111111.”11Ἦ’11117111. ‚uum
11. 1111111111111 111111 11111. 011111111111111111111118.11,

1111111111 1111111 1111111 111111 ²2⁴·

0. 11, 1, 19. 1111111111 1111 111, 11, 1.

111111 11, 1, 11. 111111111111111, 11111.

111111 1111111111 11111 1111111111 1111111111111111111111111, 11

11111ῗῖ11 11111ῗῖ 1111319ιῖ1 11111111111111, 11, 1.

11111111· 1111 111 1111111 1111 1111111111111,110,1.

11111111 ingrediendi 1111111 1, 1111111111 111111 1111111 11 111-
11, 11111. -111111 11 11111 111118.11,1,1.
11. 19. 11111111111111111 m, 1111111,

A 11.-1111, ι, 11. ι, 11.

1 11111 0. Ι,1, 1. ·- 111 1111 11111111 11111 1111 111111111-
111 111110. 11, 11, 11. 11111 1111111 111 8. 1, 111, 1.

111111 11111111, 11, 1. luppiter 11 11111111111 1111111

11111111 1111 111111, 1. 1111111 1111111 1, 11, 1.

111111111 1111111111 0.1,1, 11. ,1111 1111111 111, 11, 11.

1111111111 111111111111111111- 1111111111111111111 1111111 8.1,
1111 0. l, 1, 15. -· 1111111 1,11.

1111111 11, 1, 12 111111111111- 11111111118111111 1111111111 11-
1111111 11111111 1, 1, 111. 11111111111118. Ι,111, 11.

1 1111111 1111111111 8 11,1,1. 111111111111111111,11,1.

11, 1, 19. - 111111118.11,1,1. 111111111111111118. 1, 11, 11.

Agere 1111 111111 8. 1, 11, 19. ,1111111 1 1111111111 0. 1,1,11.
11111111111111111111111111 - 111 exercitio 1111111 01,1,
0. 1, 11, 11. 11. Aliena 1111111111 tulin

111 = 11111101, 11, 11 11, 1111111 0. 1, 1, 11. 1111111
11, 111 11, 9. sonnium 0. 1, 1,11.

Αςνηοιιιε11111 11111111 11, 1,1. 1111111111 quomodo 11 1111111111

Agna 111111 11111111111 8. Ι, 11, 1111111118. Ι, 11111, 1.

19. 1111111111 11111111 111111 honi-n

 

