166166 ibid. 0666166116 16611116
111.18.618.11,1,1.
conviverem ingenie philosopher
66611111 666116161 111, 1, 9. 11611111
16616166 611 neqne 611661 611611
0161111611 161616 qoem 6166616111
66661661618. 1, 1, 11.
06611116161611611666661 61 6611116111
8. 11, 1, 1. 0611111161611111,
t, 11. 06611116 66 1111616666
611611 66116666116 6611661111. 1666.
06616 rernm 661 negligente grem-
1661166 S. 1,14, 1 . 066166 666-
16666 indulserint 6616166 11 grenn-
61111616 1611616 8. 1, 4, 16.
066161161611611161111 1, t, 9 eq.
0666616 = eoneoqnere 111, 4, 11.
061 111, 9, 14. - 11 6616611666

nunqnam 661611 6 16616 0. 1,,

19,1. 061 66611 661 111. 666.
061616 figerere 661 11 belin 66-
616161111 ingenui 66611 8.1, 6,

0611616116 1, 16, 16.

0611611166 661616111, 8, 18. 01166
Corinthon 611161 611166166161·
ree 61616 11666166 111, 6,1.

06166116 lex enmptnerie 111, 11,

0616611111 111166 1166661111 661· 81-
66116 61661166 86116 66 nornine-
1111116. 1,11.61. i
611861616 16661111 6118. 1, 6, 16.
fior 611116 111. 19. Q. 0616611116

,11, ιι.

0616166616ἰεὶ outo· 666611, 616161-
bium 111, 6, 1

06116 6111616661 611616 0. 1, 8,
10. gerone 1611 1, 11, 6.

61161166

061666, 611161 16111, ΙΙΙ, 19, 1.
0616666 61 61166661661 6616111
111, 11, 6. 061666 rigeo· (1.1,
Goiinitlne 66661116 16 16616 666111-
661111116 66666616166666 8. l, 11,
ta. 3313533‚:·;i·:1‘5'1it‘{.·‘·¹“
0616616 611166, 66611 6161661616,
prime 66161611 1611116 61 661166-
iii,⁰i⁵¹‚' 11)ὓυῖῗὶ {iiiiii
111. 11. 116611661111 6666 1616

1, 11, 16, 116666. 0616616 66-
1161 66111116 61666616611111 6611-
61661 θ. 1, 6, 9, 6, 86, 11, 1, 8.
861161116 61111166 rebor 6666161 C.
1, 6, 9 err-3 6, 84. 061666 6611-
6616 611 6116611166 111. 11. 061·-
11’“1““ Ϋ’6ἷῗ.ῗε.1“ἷὲ.ἷ“ξὲξ11.ῒῖ
0.1,6,86. 016616 6616616661
mathematice eunt 661 ritum
1161611116 potiuntur 0. 1, 6, 66.
cf· c· l, 5, 16 0111, ²54· CM·
116 geometricum 0. l, 6, 11.
imnis 6116616616 1161661610. Ι,
6, 6 eq. 11111661 6616116 661
6166116 61666111 111. e 0616611
6161111166 11616 1661 0. 1, 6, 8.
06166 661666 611661611 6166616-
11116111, 11, 8. 061666 eet inex
rernm divinornm 0. 1, 19, 16.
- 661 1661161686. 6,1. 01111
6. 1161116111 animetur θ.1, 18,
11. 6116611 16616116 numeri· 111.
11. 16 11661166 6616111 1661661-
16666 61611116 661 8661, θ. 11,
11, 19. 061 6116 1166611616 161-
1666 116611616ιοί1 0. 1,14, 14.
06166116 6661161160. 1, 8, 6. -
6661661601 11,11. 0616616
666116 666116161161 6116116 661-
661 61 6666161116111 0. Ι, 1119666.
01. 86. n. 1 061661666 6161161·
616116616666 0.1, 11, 8. 061-
666 661 6616166 66616616 86. 8,6,
14, 4. 0. Ι, 11, 16. -66161610,
ΙΙ, 11, 11. 061666 1161111111 666
6166116161611161 0.11, 11616666.
6661166 1616611116 661, quie noe

- ridetur egitnri θ. 11, 16, 9. 066-

16666 66611666161111, 11, 6. 061-
616 11661166 6616 eunt 616616 0.
, 14, 9. Membro 6661616116

61166666161 0. 1,6,11. 06166-

1616 116166 66111661661 0. 1, 6,

61, 111, 9, 8. - 6661661 gredo·

61 661161 16116616 6116116166 0.

Ι,6, 19 eq. 11166 1111166 161161

menime roborentur 1. 1, 11, 88.

06166116 eree 0. Ι, 6, 4. Corpore

1111 θ. l, 9, 1. 0616111 ventrio

1’111,46, 1. - 16616 ungui· 111,

1, .

16611661 16 111 invenitor i'l ,9, cooperationi, 14, 4. 0616616116

4. 0616611 666666 divininit-

6166 1166611110. 1, 6, 16.

1666111 11166 6166616 0.1, 14,9. 0616616116 6. 11111. 061661616 11-

Eorum 6166111 11166 666 een·
tire et 61666616 111. 16, 19,18.

16661166 θ. Ι, 18, 6. 06166161
motu· 111, 9, 6.

06166161 1616 6166661116 161 de· conpetenter 0. 1, 6, 86, 11, 6.
crescente engeri 1611111111 0. Ι, 06166666166, antiquissime· 1118.
11, 1. Ex qnettnor 6161166116 61 1, 6, 1.

tritone eornm 161611111116 66661661 0611116116 6116161161 1166 1, 11,19.
0. 1, 6, 86. 0616611111 1611666- 116661. 66 816.

111111 61 6666161661 61661661160. 06111 16161616166 8. 11, 4,19. 061-

 

