m 11 INDEX

11111 111111, 119. 1111111111 [ennepius 111111111111. 19, 111.
11111111111 81,111,1.’1. 11111 111111111111 111,1, 111.
11111111111111111111 8. Ι, 111, 1111111111111111. 11.
16. 11111 1111111, 1.1.1111,111111 Ἦ mim 111111 vn, 111, 1.
1111111111 1111111. 11. 1111111· mov ibid.
111111111111,11111111ὐ iq* 11· mian 111, m.
1111 111111 8. Ι, 11, 11. 11111 111111111111111111, 19,11.
1111111111 spui Virgilian V, 111, 1111111111τοῦ moa 8. 1, 11, 19. .
118. 11111 1111111. 19. Ful-on 1111118111... 1.1,1,1. Κρο-
11 subtrahor· inponibiie V, 1, νος 111 ,1111111 111. 1111, Β.
11. 11111 11111111 11111111 111 11119110. 1,11,1 “i-i 111, 1 qq.
11.1,11,11. 11111111111ς1111 11. enim.
c.1‚ 11, 11. lovi· 111111 111·
decim 11111 11111111 1111111111 111111111111111111111 ομ 11111111
1111111111. 111111- 1111111.
με 111 111 1111111111 1111111111 1111111111 1111111 corpu· Ι1111,9,11.
11 1111111111 11. Ι, 19, 1911. 11- Labitur 11111 ..111111 11, 1,111.
111111 111111 1111 por 1ι111, 11- wrm 11111 11. 1, 11, 11 11.
111 1111 1111111111 11111111 ις· habrum 111 ΙΙΙ, ,111, 1.
gregum (1.1, 19,11. 1111- 1111111111 loquendi 111, 11, 11.
11“ι1”““’ “i''it‘ ‘iiim’ 111111·1111111111
1111111111111111101.8101,ι effi. autentim’offermr 111111 111·
1111111 V, 19,11. 1111111111, 11, 3. Quantum 11-
11111 aequom 1111111111, m 11111 111111 1111111, 11, 11111. 111-
11, m. [11111111111 ib. 18. 111111111-
111111111 8. Ι, 111, 11. paim· 1111111 1131111 111111111·
11111111 11Ιυί iam 11111111. 1, Β, 11 81, 1111. 1111 11111111
9. - 1111111111ιῦ. 111. - 1- ,11,111. 1111111611 111111 VM,
111111 11. 1. 11111111111111 111- 9. 11111111111111111111111,111,11. ,
1.“’“1.’...11.“1.“111“..1“1.111.’.’11 11112111111111111111
1111111 11. 1,1,1. 111111111 1111- 011 1111 Hyacinthia 1111111111
111 praemium 1111 11111 pom 11111. Servon 11111 1111111 1111
1111111 11π111111.1,1,1. 11111 111 11111111111111111111118. 1,
1111111 111 terminatur 1111 111- 11, 111. 111111111111 11 m·
11111, 111. 11. 11 11. 1,11, 9. 11111- 11111 11111111 perpeti ditarent
1111 1111111111 11. Ι, 1,1. - 11· 1 11711111 1111111111 111, 11, 22
1111111 11. 1, 11, 1. 11111 11111· 111111111111111111111111111,11,1.
111111ιί1111 1 Piniano 1111111111 1....’111111111111111111
11.1,1,1. 11111 11111111111111 11111111111111110.1,1,1. -111·
1111111111111111.1,1,1. 01- 111 (1.1, 11, 1 nm 11,1. -
11111111 11111111. 11111111 vm· 1111111111 111ιί1111111 0. Ι, 11,1.
11’1.”.1ι.”,11“111ἶ””-0111ἑ1111’171 ffiiiassssioffinfffm'ltffiffi
111111111311· 8.1,11,11. nqq. 81111 1111111111 1111111111
1111111111110.11,1,11. 111. 1. 111111. p. 111 0111111
1111111111 W, 4. 2¹³· 1111111111 1111111111 11. 1, 11, Ι.
11111111 11.1,11, 11. - 1111111111· 1111111111111111111111111.
‹iin- 111111 11, 1, 1. 11111111 8. 1, 1, 1.
111111 1111111 1111. 11 8.1,1, 11. Διγ11111111111,11, 111 1 111-
1111111 1111 qnid signifiat 11. 1, 11111ρί1ς111 1111111111,1,11.
11114· 11 uva 111, 10, 1.

1111111 pmii·- 11111 111111 111-
Κ11111111 1111111111 11118. Ι, 11, montionem 1111111111 8. 11111.

11111. -1111111111111111111- 11111111 111111611111,1,1.
111111111111. -111111111111 hug-otiu 111 ’111 11, 1, 1.
1111111111.11111.119,11. Pti- 11111111111111 ,1,111, 11.
1111 111111111 111· 11111111 1111 1111111111 11111111 11111 pn 1111
1111111118.1,11,11. 8. 1,1, 11. 1111111111 111111111

1111111111 1111 Ι. 1, 111, 18. 111, 111, 1. [1111111111 piru 111,
111λῶ S. 1, 111, w 19, fl.

1111111111111118.Ἱ, 11, 11. 11111 11111 V, 111, 119.

 

